   7.0637740e-01
   7.2101597e-01
   6.6298273e-01
   6.8135719e-01
   7.7889947e-01
   7.9827222e-01
   6.3413884e-01
   8.6620738e-01
   6.7208075e-01
   5.7049740e-01
   6.9886881e-01
   7.1458117e-01
   6.6999368e-01
   6.0763942e-01
   6.5274976e-01
   6.8518694e-01
   5.7426257e-01
   7.1534044e-01
   6.3850616e-01
   6.9043854e-01
   6.9955108e-01
   6.7283017e-01
   7.2999816e-01
   7.3625782e-01
   6.7015496e-01
   8.0834837e-01
   7.1731836e-01
   5.8571718e-01
   6.8804575e-01
   6.0673750e-01
   5.9185331e-01
   6.6479136e-01
   5.8204740e-01
   6.7607419e-01
   8.1350945e-01
   7.9019095e-01
   5.3875819e-01
   7.4782888e-01
   6.3635253e-01
   6.0869149e-01
   7.0007006e-01
   6.1280130e-01
   6.8634245e-01
   7.1131862e-01
   6.1680919e-01
   7.5911852e-01
   6.1860794e-01
   7.0541688e-01
   6.0535723e-01
   5.6088521e-01
   6.8976670e-01
   7.3051648e-01
   6.5061643e-01
   6.9965933e-01
   8.3421003e-01
   8.4683939e-01
   6.9623244e-01
   6.9083931e-01
   6.2617335e-01
   6.9745911e-01
   7.2429155e-01
   5.5362734e-01
   6.3602762e-01
   7.5633304e-01
   7.0643138e-01
   6.5232655e-01
   6.8430180e-01
   7.4842730e-01
   7.1441188e-01
   6.1105126e-01
   8.2241556e-01
   6.8023259e-01
   5.6811052e-01
   7.0758075e-01
   6.0112467e-01
   8.0426957e-01
   7.5209643e-01
   6.6504518e-01
   6.1162736e-01
   7.2192171e-01
   6.4730028e-01
   6.6488676e-01
   6.1837167e-01
   6.2976302e-01
   6.2767203e-01
   6.9409571e-01
   6.3279383e-01
   6.7288455e-01
   7.8710627e-01
   6.4540956e-01
   6.4773805e-01
   6.4064888e-01
   6.6798249e-01
   7.0884350e-01
   7.8240129e-01
   5.9570167e-01
   8.4739474e-01
   7.1412640e-01
   7.0507731e-01
   6.5520605e-01
   7.7210734e-01
   7.0570633e-01
   7.3985230e-01
   5.3388639e-01
   6.8944240e-01
   7.7686018e-01
   6.6175911e-01
   6.1956721e-01
   7.3888833e-01
   7.9698741e-01
   5.7728229e-01
   6.7576020e-01
   6.1199238e-01
   5.6693230e-01
   5.6270351e-01
   6.8133495e-01
   7.8943935e-01
   6.4342374e-01
   6.0056423e-01
   7.6253068e-01
   6.9342825e-01
   6.2655762e-01
   6.3366138e-01
   6.2829952e-01
   7.5220572e-01
   5.6821218e-01
   7.4491383e-01
   7.8715801e-01
   7.4388742e-01
   6.5721847e-01
   6.0495062e-01
   6.1819258e-01
   7.2543586e-01
   7.8625055e-01
   5.8664041e-01
   6.7978219e-01
   6.4979603e-01
   6.3641044e-01
   6.1839399e-01
   7.0675274e-01
   6.2792287e-01
   7.1423052e-01
   5.3758570e-01
   6.4572119e-01
   7.1084020e-01
   6.6213265e-01
   7.4156901e-01
   6.9643929e-01
   6.6410032e-01
   7.8740130e-01
   5.2823660e-01
   7.2766772e-01
   6.6004390e-01
   7.1374794e-01
   7.9274831e-01
   7.3738501e-01
   8.1711006e-01
   7.6506750e-01
   7.5950828e-01
   7.6606859e-01
   6.9380144e-01
   7.7365191e-01
   7.1595639e-01
   7.8075800e-01
   7.7851370e-01
   6.5603368e-01
   6.8526781e-01
   7.7552243e-01
   8.0017741e-01
   7.2610075e-01
   7.8502029e-01
   6.7915770e-01
   8.5027877e-01
   7.3797767e-01
   8.5373670e-01
   6.6956898e-01
   7.4194045e-01
   7.2197993e-01
   6.3648545e-01
   6.6771910e-01
   7.7068488e-01
   7.7014414e-01
   6.2038428e-01
   7.1661926e-01
   7.1799552e-01
   6.4935248e-01
   7.3767949e-01
   6.7990976e-01
   7.7572382e-01
   8.5871682e-01
   8.2986518e-01
   6.1821632e-01
   7.9497073e-01
   6.7295355e-01
   6.9024979e-01
   7.8366132e-01
   7.0204408e-01
   6.9915665e-01
   6.9390125e-01
   7.3485582e-01
   7.0066425e-01
   8.0461175e-01
   7.3045566e-01
   8.5737493e-01
   7.6242817e-01
   8.0492037e-01
   7.4305090e-01
   6.4882897e-01
   7.8110949e-01
   7.8775136e-01
   6.9158353e-01
   7.2067510e-01
   6.2313542e-01
   7.9275001e-01
   7.6888324e-01
   7.9192023e-01
   7.4306247e-01
   7.1282902e-01
   7.3984351e-01
   8.3908684e-01
   7.5333000e-01
   8.1634741e-01
   8.1682016e-01
   6.9066009e-01
   6.8089476e-01
   9.0542360e-01
   6.8634670e-01
   7.3028814e-01
   7.8734533e-01
   7.5067880e-01
   8.5303549e-01
   8.0906725e-01
   6.2534234e-01
   6.6030447e-01
   8.7025739e-01
   7.6226939e-01
   7.1253757e-01
   7.7603072e-01
   7.9388785e-01
   7.9590984e-01
   7.1447665e-01
   6.2559127e-01
   8.4629201e-01
   8.0760049e-01
   8.0263770e-01
   8.2384081e-01
   8.1767228e-01
   7.9376156e-01
   7.1797195e-01
   7.8748184e-01
   7.3065642e-01
   6.6435063e-01
   7.6158753e-01
   8.0832169e-01
   7.0756208e-01
   7.5954312e-01
   8.1698936e-01
   8.1220897e-01
   7.0199482e-01
   7.6541961e-01
   6.8555578e-01
   6.8916456e-01
   6.8347472e-01
   8.2831736e-01
   7.6900941e-01
   6.7555472e-01
   6.3188670e-01
   7.7120806e-01
   7.3487863e-01
   6.7304913e-01
   7.1082510e-01
   6.7783221e-01
   7.2634678e-01
   8.5294202e-01
   7.6400408e-01
   6.9178654e-01
   6.7392039e-01
   7.0612545e-01
   8.1557788e-01
   6.7440971e-01
   7.1448993e-01
   6.4005705e-01
   7.4948982e-01
   6.4142816e-01
   6.8813033e-01
   6.4328003e-01
   6.9368300e-01
   7.6181340e-01
   8.0722951e-01
   6.4733455e-01
   7.0297491e-01
   6.6798750e-01
   7.7685762e-01
   7.9026977e-01
   7.3092342e-01
   7.6379048e-01
   7.3577214e-01
   6.6336944e-01
   7.7825124e-01
   8.3427041e-01
   8.4665563e-01
   7.6978266e-01
   6.2230183e-01
   7.9286723e-01
   6.9630104e-01
   7.0754861e-01
   5.8606503e-01
   7.0760163e-01
   7.5391143e-01
   8.0501515e-01
   7.8182030e-01
   6.1206874e-01
   6.8442274e-01
   6.9229068e-01
   7.9023380e-01
   8.6315932e-01
   7.2920982e-01
   7.1959440e-01
   7.1103856e-01
   7.8417822e-01
   6.7539650e-01
   6.7362608e-01
   6.5080866e-01
   8.0144971e-01
   7.7307712e-01
   8.2704553e-01
   7.1659658e-01
   7.3785955e-01
   6.7337784e-01
   6.4548406e-01
   7.7126171e-01
   7.7463945e-01
   7.9714489e-01
   7.6545667e-01
   7.9438848e-01
   7.4512742e-01
   6.5866382e-01
   6.4288426e-01
   8.4953356e-01
   8.2064062e-01
   8.3645501e-01
   5.8785701e-01
   7.0644129e-01
   7.2121247e-01
   7.0529982e-01
   7.0485678e-01
   8.2043572e-01
   7.8425391e-01
   7.1193930e-01
   6.1350539e-01
   7.5946355e-01
   6.2557153e-01
   7.6015143e-01
   6.4902469e-01
   7.2012188e-01
   6.9357193e-01
   7.7707929e-01
   8.5197859e-01
   5.7802743e-01
   6.9905185e-01
   7.7467990e-01
   8.3208574e-01
   8.5573047e-01
   6.8851694e-01
   6.7248155e-01
   7.7906405e-01
   7.9021317e-01
   7.6730844e-01
   8.0315799e-01
   6.7508777e-01
   7.0606718e-01
   8.4658113e-01
   6.6698657e-01
   8.7417248e-01
   7.9413215e-01
   7.6150125e-01
   7.2443463e-01
   7.4599007e-01
   6.5008993e-01
   7.8735822e-01
   7.5895295e-01
   5.7552739e-01
   6.2956324e-01
   7.4208247e-01
   7.5729186e-01
   7.0605434e-01
   7.4994037e-01
   6.7487251e-01
   7.6581155e-01
   7.6626096e-01
   8.4799359e-01
   8.6817821e-01
   6.9925070e-01
   8.3061280e-01
   8.0344867e-01
   7.7460469e-01
   8.2199340e-01
   7.8181790e-01
   8.3627454e-01
   8.1337651e-01
   7.9611202e-01
   7.1399411e-01
   7.4396125e-01
   7.2083166e-01
   6.9814727e-01
   7.9958354e-01
   7.2485638e-01
   7.5741218e-01
   7.8757541e-01
   7.9354351e-01
   8.5178045e-01
   7.6591381e-01
   7.8482085e-01
   8.1219470e-01
   8.2906370e-01
   7.7042423e-01
   6.9498291e-01
   7.2320893e-01
   7.5605963e-01
   7.7712046e-01
   7.6500669e-01
   8.0131309e-01
   7.6492740e-01
   7.0607922e-01
   7.7709023e-01
   6.5403429e-01
   7.2130828e-01
   7.0785598e-01
   7.5186891e-01
   8.3909850e-01
   8.5720862e-01
   8.2881435e-01
   8.7135607e-01
   8.3191844e-01
   8.3003879e-01
   8.5575976e-01
   7.6987659e-01
   7.1472450e-01
   7.1988193e-01
   7.4969110e-01
   8.7505177e-01
   6.3866440e-01
   8.3450535e-01
   8.0435481e-01
   8.6650710e-01
   6.5460485e-01
   7.6791836e-01
   8.5686548e-01
   8.0539085e-01
   7.0545762e-01
   7.6412835e-01
   6.5341362e-01
   7.7446235e-01
   8.4372429e-01
   7.8502662e-01
   7.3019016e-01
   8.2096018e-01
   7.8723572e-01
   8.0136241e-01
   6.9749041e-01
   8.1425792e-01
   8.2122448e-01
   7.8805352e-01
   8.0575815e-01
   8.4230208e-01
   6.7610436e-01
   7.7026627e-01
   8.7854228e-01
   7.5717659e-01
   8.1300349e-01
   7.8138815e-01
   8.3068122e-01
   7.9813995e-01
   7.1825732e-01
   7.9299090e-01
   6.6896980e-01
   7.6485400e-01
   6.9140811e-01
   6.8249207e-01
   8.1093402e-01
   6.9119542e-01
   8.6698468e-01
   6.8590968e-01
   6.6896980e-01
   7.6876584e-01
   8.1776517e-01
   6.7960821e-01
   8.1834161e-01
   8.2799744e-01
   7.8954409e-01
   8.5262857e-01
   7.0188744e-01
   8.5811495e-01
   7.6839534e-01
   7.1895021e-01
   8.0109614e-01
   7.0948726e-01
   8.0650289e-01
   7.6360795e-01
   8.3077547e-01
   8.8824973e-01
   7.8405252e-01
   8.1401274e-01
   8.8576741e-01
   8.0538142e-01
   7.6110337e-01
   7.4030403e-01
   7.0793548e-01
   8.7119679e-01
   7.4498689e-01
   7.1596099e-01
   7.5479189e-01
   7.3538363e-01
   7.6446968e-01
   8.1385044e-01
   7.6969884e-01
   6.8230481e-01
   8.1669767e-01
   7.8534894e-01
   7.1919922e-01
   6.8678191e-01
   7.4576236e-01
   7.7929166e-01
   7.1883985e-01
   8.2389448e-01
   7.8729670e-01
   8.1703789e-01
   6.8208140e-01
   8.3388156e-01
   7.7961240e-01
   7.6854086e-01
   7.0151801e-01
   8.0317200e-01
   7.8941289e-01
   7.4706131e-01
   7.6985586e-01
   7.4775921e-01
   8.1787637e-01
   6.8992496e-01
   8.4131210e-01
   7.4866505e-01
   7.2635631e-01
   7.7355997e-01
   7.2243933e-01
   7.9023172e-01
   7.3606009e-01
   8.0044349e-01
   8.2724012e-01
   8.0134490e-01
   7.4763763e-01
   7.5446528e-01
   7.7510707e-01
   8.1576940e-01
   6.5917334e-01
   8.1799482e-01
   8.0832169e-01
   7.3365502e-01
   8.1111084e-01
   8.7343854e-01
   7.7678826e-01
   6.5993572e-01
   8.1715962e-01
   7.3023007e-01
   6.6259364e-01
   8.5475622e-01
   7.6285638e-01
   6.5994748e-01
   8.6257727e-01
   7.1774315e-01
   8.2300513e-01
   6.8307554e-01
   6.9831055e-01
   7.6490167e-01
   7.0997765e-01
   7.8380188e-01
   7.9877320e-01
   7.8297767e-01
   7.9148479e-01
   7.4453661e-01
   8.4126944e-01
   7.9929240e-01
   8.3647001e-01
   7.7423353e-01
   7.6384790e-01
   8.4522018e-01
   6.9393612e-01
   6.8227309e-01
   8.0045244e-01
   7.7446735e-01
   5.7747514e-01
   7.3957830e-01
   7.4258594e-01
   8.4896663e-01
   8.1190950e-01
   7.8301563e-01
   6.6011224e-01
   8.0510946e-01
   7.7533316e-01
   7.2725697e-01
   7.5638388e-01
   6.7896708e-01
   7.2030863e-01
   7.9958354e-01
   8.3241228e-01
   8.1131316e-01
   7.7819514e-01
   6.3783753e-01
   7.7810286e-01
   7.9206027e-01
   7.2848942e-01
   6.1905842e-01
   7.8089901e-01
   7.3372655e-01
   7.7069251e-01
   7.9892043e-01
   7.7679842e-01
   8.1072257e-01
   6.9417553e-01
   7.2086494e-01
   6.5030722e-01
   8.0791579e-01
   7.7623022e-01
   7.5939526e-01
   7.3032505e-01
   7.2359835e-01
   8.8048327e-01
   7.0020336e-01
   7.1034544e-01
   7.3010762e-01
   7.6263887e-01
   8.1397633e-01
   7.1545529e-01
   7.3585849e-01
   6.9935800e-01
   8.4074630e-01
   8.1148757e-01
   8.3373030e-01
   8.0165049e-01
   8.2158711e-01
   8.8794649e-01
   8.4168830e-01
   7.8218675e-01
   6.3442069e-01
   7.6989404e-01
   8.9192138e-01
   7.2432913e-01
   8.1695744e-01
   7.2157030e-01
   7.9608298e-01
   8.2602463e-01
   6.6531144e-01
   7.8309214e-01
   8.2423937e-01
   8.4474963e-01
   7.9398127e-01
   7.6870772e-01
   7.9152133e-01
   7.7274436e-01
   8.5683679e-01
   6.9757678e-01
   8.4521983e-01
   7.9671100e-01
   8.4802292e-01
   8.7689346e-01
   8.2051018e-01
   8.6547711e-01
   8.8861400e-01
   8.3665793e-01
   7.1941215e-01
   7.8977950e-01
   8.5400509e-01
   8.5189109e-01
   8.6988358e-01
   6.8055602e-01
   7.6674893e-01
   7.2248719e-01
   7.9972602e-01
   8.9667038e-01
   7.1982099e-01
   7.9509038e-01
   8.5093978e-01
   7.7378281e-01
   8.0553911e-01
   7.7385119e-01
   8.1761256e-01
   8.2163232e-01
   8.5413580e-01
   6.9411239e-01
   8.2793489e-01
   8.2962763e-01
   7.5401445e-01
   7.3574454e-01
   8.3086566e-01
   7.6599275e-01
   8.0417652e-01
   8.1255881e-01
   8.6095506e-01
   8.1641377e-01
   6.6410393e-01
   8.2177083e-01
   8.5323902e-01
   8.5575113e-01
   9.0756272e-01
   8.4097112e-01
   8.5578201e-01
   7.7624185e-01
   6.8624243e-01
   8.0525257e-01
   8.0539383e-01
   8.6166125e-01
   8.1233513e-01
   8.5839235e-01
   8.3947013e-01
   7.3385923e-01
   8.6782984e-01
   8.0065661e-01
   8.7860597e-01
   7.9049447e-01
   8.2540555e-01
   8.6712363e-01
   6.2651249e-01
   8.2794163e-01
   7.9520220e-01
   7.5701724e-01
   7.3520330e-01
   8.3637144e-01
   8.0492732e-01
   7.7061818e-01
   8.0348592e-01
   7.7332763e-01
   8.3481980e-01
   7.7128235e-01
   8.1529330e-01
   6.4174477e-01
   8.0325787e-01
   8.3352049e-01
   8.9712062e-01
   7.8239022e-01
   7.4638871e-01
   8.2828275e-01
   7.9195546e-01
   8.5574435e-01
   8.2355980e-01
   7.9459975e-01
   8.1133520e-01
   7.2430541e-01
   7.5947813e-01
   8.5065896e-01
   8.4047684e-01
   7.0033261e-01
   8.4676766e-01
   8.3813277e-01
   8.5570210e-01
   7.8924234e-01
   8.7069635e-01
   8.4391863e-01
   8.5832675e-01
   7.9499759e-01
   7.9773241e-01
   8.0582688e-01
   8.1892336e-01
   7.9785476e-01
   7.8211256e-01
   7.8356066e-01
   8.1987726e-01
   8.6555572e-01
   7.8156752e-01
   7.4721015e-01
   7.3166771e-01
   8.8563223e-01
   8.0152327e-01
   7.1858403e-01
   7.4221623e-01
   7.6966350e-01
   8.1198265e-01
   7.0750818e-01
   7.3719044e-01
   8.8689208e-01
   6.8523597e-01
   7.7741719e-01
   8.1526170e-01
   7.2722859e-01
   7.8325779e-01
   7.8540822e-01
   8.5008029e-01
   7.6548059e-01
   7.7987734e-01
   7.3054470e-01
   7.2956055e-01
   7.9381713e-01
   6.9579990e-01
   8.8565703e-01
   7.0786754e-01
   9.0764410e-01
   8.0011914e-01
   7.5552794e-01
   7.9763619e-01
   7.8355802e-01
   7.8095752e-01
   7.5759312e-01
   7.3233599e-01
   8.2166355e-01
   8.1290677e-01
   7.6738858e-01
   7.3144230e-01
   7.1993592e-01
   8.5179379e-01
   7.6536518e-01
   8.4197365e-01
   7.0424556e-01
   7.2692998e-01
   7.8706089e-01
   6.2440666e-01
   7.7860624e-01
   7.3812702e-01
   8.2459040e-01
   8.1802682e-01
   7.7587365e-01
   6.8509049e-01
   7.6476839e-01
   8.0245763e-01
   7.9413755e-01
   8.4743689e-01
   7.6970995e-01
   9.0154303e-01
   8.6166861e-01
   7.4539660e-01
   7.2798272e-01
   8.2923781e-01
   8.6364758e-01
   6.7314990e-01
   7.7356597e-01
   8.3389490e-01
   8.1734568e-01
   8.1848980e-01
   8.4741542e-01
   7.9304951e-01
   8.7301277e-01
   7.7707909e-01
   8.4148664e-01
   7.6677823e-01
   8.0069971e-01
   7.6462078e-01
   8.8452317e-01
   8.0560690e-01
   7.7877800e-01
   8.2229877e-01
   8.7180938e-01
   6.9300081e-01
   6.8939918e-01
   8.5798566e-01
   8.1414381e-01
   7.8909924e-01
   7.2230611e-01
   8.0396658e-01
   7.9961883e-01
   8.0278172e-01
   7.6564998e-01
   7.1374079e-01
   7.4777623e-01
   8.1036833e-01
   7.1705996e-01
   8.2558897e-01
   7.3819370e-01
   8.5096868e-01
   7.8690486e-01
   7.1184843e-01
   7.8430424e-01
   8.3922226e-01
   7.0206785e-01
   7.6221781e-01
   8.8308261e-01
   7.5677637e-01
   7.2066739e-01
   7.7155387e-01
   8.2587302e-01
   8.1615819e-01
   7.3232949e-01
   8.1515051e-01
   7.4497528e-01
   8.5036748e-01
   6.7363357e-01
   8.7036949e-01
   8.0631603e-01
   7.9667801e-01
   8.3163716e-01
   7.5640537e-01
   7.6264169e-01
   8.3299479e-01
   7.6246551e-01
   8.1639101e-01
   8.5667854e-01
   7.1688673e-01
   8.2285041e-01
   8.0005647e-01
   8.7299205e-01
   8.6555572e-01
   8.2664126e-01
   7.8039854e-01
   8.0567431e-01
   8.4935905e-01
   7.6663298e-01
   7.9457703e-01
   7.8711158e-01
   8.4262020e-01
   7.4955334e-01
   6.9783088e-01
   8.7330326e-01
   7.3766909e-01
   7.8995270e-01
   8.9253555e-01
   7.6828457e-01
   8.4911173e-01
   8.1180805e-01
   7.3587233e-01
   6.2532144e-01
   8.2556502e-01
   8.0823393e-01
   6.8605023e-01
   8.2572075e-01
   7.1452276e-01
   7.4118643e-01
   7.8628906e-01
   7.8619344e-01
   7.0134486e-01
   8.0052845e-01
   8.1307245e-01
   6.7520558e-01
   7.3838334e-01
   8.6965480e-01
   7.9973076e-01
   8.1859320e-01
   6.8518844e-01
   8.3400332e-01
   8.3471803e-01
   8.6454630e-01
   8.7798166e-01
   8.4330455e-01
   5.7492772e-01
   7.7307725e-01
   8.0711808e-01
   6.8445726e-01
   8.4089077e-01
   8.2998324e-01
   8.0170473e-01
   7.0643819e-01
   9.1974397e-01
   8.5575066e-01
   8.7385276e-01
   8.1060088e-01
   9.0268535e-01
   8.7741186e-01
   8.7103949e-01
   8.7080604e-01
   7.0958141e-01
   8.6144131e-01
   8.4897742e-01
   8.3053674e-01
   8.3207689e-01
   8.5974201e-01
   8.4014778e-01
   7.8862288e-01
   8.0642744e-01
   7.4587860e-01
   7.3990122e-01
   8.6666171e-01
   8.1128623e-01
   8.6937287e-01
   7.4680740e-01
   8.3532198e-01
   8.7839791e-01
   6.4807811e-01
   6.5915258e-01
   7.8708798e-01
   8.8798021e-01
   8.6732078e-01
   8.4332762e-01
   7.8255946e-01
   8.4681893e-01
   8.5697845e-01
   7.8096765e-01
   8.3621681e-01
   8.5435066e-01
   8.2385182e-01
   8.2706076e-01
   8.9890061e-01
   8.0381190e-01
   8.3600646e-01
   8.1644964e-01
   7.8935788e-01
   8.5206736e-01
   7.6864882e-01
   8.1469951e-01
   8.4030065e-01
   7.7060714e-01
   7.9035165e-01
   8.6352681e-01
   8.2599832e-01
   8.1533209e-01
   7.8704527e-01
   8.0978061e-01
   7.8901973e-01
   8.3611828e-01
   8.1506301e-01
   7.2553982e-01
   8.7000571e-01
   7.8757639e-01
   8.6675295e-01
   8.5379090e-01
   8.4002407e-01
   8.7294073e-01
   8.7738110e-01
   8.0160568e-01
   8.4003104e-01
   8.2838666e-01
   7.7186410e-01
   7.4941548e-01
   8.1416151e-01
   8.3946913e-01
   8.1784595e-01
   8.1575425e-01
   8.5500203e-01
   7.6261966e-01
   8.5662515e-01
   7.4526064e-01
   8.8649239e-01
   8.3060994e-01
   8.0975106e-01
   7.3338047e-01
   7.3459897e-01
   8.7892756e-01
   9.1901772e-01
   8.8634465e-01
   7.5497797e-01
   7.7088682e-01
   8.2047394e-01
   8.0325692e-01
   8.5179521e-01
   9.1015717e-01
   8.9266063e-01
   6.6961609e-01
   7.3350083e-01
   7.6140160e-01
   7.9041039e-01
   7.0724164e-01
   8.0869399e-01
   8.3389175e-01
   8.0430739e-01
   7.9474141e-01
   8.4653069e-01
   7.8828470e-01
   7.9966562e-01
   8.0988075e-01
   8.2480351e-01
   7.7919109e-01
   8.2561868e-01
   8.0706072e-01
   8.3584764e-01
   9.0319324e-01
   8.3687102e-01
   8.7569876e-01
   8.1429684e-01
   8.7294321e-01
   7.1782030e-01
   8.1111772e-01
   9.0444320e-01
   7.8680582e-01
   8.4541192e-01
   8.3225256e-01
   7.9959343e-01
   8.5313729e-01
   7.0972558e-01
   7.9174214e-01
   8.4381505e-01
   8.5959159e-01
   7.7875945e-01
   8.0484051e-01
   8.1975894e-01
   8.5320557e-01
   7.9600107e-01
   7.7297958e-01
   7.9424477e-01
   8.1622631e-01
   8.6926933e-01
   7.9129071e-01
   8.6344894e-01
   6.9959756e-01
   7.3371605e-01
   7.9114654e-01
   8.2447618e-01
   7.8240964e-01
   7.5147822e-01
   7.7297242e-01
   8.9085731e-01
   8.3703739e-01
   7.9370640e-01
   7.1574063e-01
   7.3989477e-01
   8.1308249e-01
   7.4582603e-01
   7.7787239e-01
   8.6002791e-01
   7.7936465e-01
   8.3137199e-01
   8.0648695e-01
   7.2429677e-01
   8.1263477e-01
   7.4660320e-01
   8.5045643e-01
   8.8295599e-01
   7.0965852e-01
   8.1047810e-01
   8.4677278e-01
   8.5807974e-01
   7.8096255e-01
   8.3383249e-01
   8.3377060e-01
   7.4290649e-01
   8.4078252e-01
   8.4750939e-01
   7.6492246e-01
   8.6222194e-01
   8.4524374e-01
   7.1664144e-01
   8.5495203e-01
   8.8384464e-01
   8.1277599e-01
   6.0452679e-01
   8.2103818e-01
   8.9617053e-01
   8.2220011e-01
   8.1661148e-01
   7.9199802e-01
   7.9318505e-01
   8.5948666e-01
   7.4368128e-01
   7.8095068e-01
   8.5646872e-01
   8.9715101e-01
   7.8527147e-01
   8.4433928e-01
   8.7115038e-01
   8.0952790e-01
   8.5133958e-01
   7.6964780e-01
   7.7100503e-01
   8.3425865e-01
   6.7920232e-01
   8.4898190e-01
   8.1665981e-01
   8.6045392e-01
   6.7872302e-01
   8.2046572e-01
   8.1416151e-01
   7.6831710e-01
   7.7168425e-01
   7.5124608e-01
   8.3530941e-01
   8.0241119e-01
   7.9240938e-01
   8.3063187e-01
   7.4176509e-01
   7.3036253e-01
   8.5303958e-01
   8.4804350e-01
   7.1621159e-01
   7.7147837e-01
   6.5484291e-01
   9.2091918e-01
   8.0800756e-01
   8.0619093e-01
   8.6402214e-01
   6.9225229e-01
   8.9507853e-01
   8.5861809e-01
   8.4572849e-01
   7.9333377e-01
   8.7560311e-01
   8.1738140e-01
   7.7612163e-01
   7.7621929e-01
   7.5632912e-01
   8.0582865e-01
   8.4009878e-01
   7.8787448e-01
   7.8618949e-01
   7.5008185e-01
   8.3285404e-01
   8.3115908e-01
   7.5618145e-01
   8.0890759e-01
   8.9726499e-01
   8.5031002e-01
   8.5199386e-01
   8.2854277e-01
   7.0160338e-01
   7.4519485e-01
   6.7771776e-01
   8.8152554e-01
   7.1133665e-01
   8.3147956e-01
   7.8316477e-01
   8.0827284e-01
   7.9882785e-01
   8.0719872e-01
   8.4269633e-01
   7.5329839e-01
   7.6761135e-01
   6.8750454e-01
   8.2123845e-01
   8.5589551e-01
   8.5999602e-01
   8.1964756e-01
   8.6650474e-01
   9.0054137e-01
   8.4569153e-01
   7.6147552e-01
   7.7844745e-01
   7.2134287e-01
   8.7299410e-01
   8.2499536e-01
   8.5216246e-01
   8.4253389e-01
   7.5658933e-01
   8.0723669e-01
   7.6231437e-01
   8.3127900e-01
   8.2850567e-01
   8.6892418e-01
   7.8478000e-01
   7.8694779e-01
   7.6315005e-01
   8.5590847e-01
   7.9358454e-01
   7.9966562e-01
   6.8931670e-01
   6.7334360e-01
   8.1018173e-01
   8.8517506e-01
   7.9273625e-01
   7.2005411e-01
   8.0224432e-01
   8.9649968e-01
   8.2272372e-01
   8.1615188e-01
   9.5952023e-01
   7.9969404e-01
   8.9630679e-01
   7.8105176e-01
   8.7900811e-01
   8.6397452e-01
   8.3986746e-01
   9.2761185e-01
   8.3301888e-01
   8.4104131e-01
   8.9501712e-01
   7.4271035e-01
   7.8538177e-01
   8.6791875e-01
   8.2013024e-01
   8.4114707e-01
   7.5845426e-01
   8.5052163e-01
   7.7652272e-01
   8.5421675e-01
   7.7810500e-01
   8.3023574e-01
   7.8929686e-01
   9.3230072e-01
   7.1247312e-01
   8.2365886e-01
   8.1460095e-01
   8.2323311e-01
   8.2076447e-01
   8.5754603e-01
   8.4661547e-01
   6.5010610e-01
   8.1193821e-01
   6.8331643e-01
   8.6861843e-01
   8.0764359e-01
   8.4412467e-01
   8.4562443e-01
   8.2466143e-01
   8.7429810e-01
   8.5239127e-01
   7.8616915e-01
   8.4076201e-01
   8.4074569e-01
   8.7281537e-01
   7.9493557e-01
   7.6307571e-01
   8.7569351e-01
   8.0462138e-01
   8.4702125e-01
   7.3700985e-01
   8.9411763e-01
   8.3204130e-01
   8.0187583e-01
   8.1399772e-01
   8.2684968e-01
   9.0224196e-01
   7.6396700e-01
   8.6650465e-01
   7.9237190e-01
   8.8051784e-01
   8.5343091e-01
   8.4463194e-01
   8.7422312e-01
   8.4100261e-01
   8.6999373e-01
   9.0649318e-01
   8.8473580e-01
   8.7559330e-01
   8.2529241e-01
   8.0496250e-01
   7.8837042e-01
   8.4102626e-01
   7.1709755e-01
   8.9971642e-01
   8.9686852e-01
   8.3966350e-01
   7.7830836e-01
   8.7163411e-01
   8.5605486e-01
   7.9046997e-01
   8.6580863e-01
   8.2576688e-01
   8.4345797e-01
   8.1191970e-01
   8.2388194e-01
   8.9907436e-01
   8.1629832e-01
   7.8606525e-01
   7.4429983e-01
   6.5496975e-01
   8.8016987e-01
   8.9982774e-01
   7.9179116e-01
   7.2480181e-01
   8.6828753e-01
   8.5112260e-01
   8.5998429e-01
   8.3456697e-01
   8.1148150e-01
   8.2394528e-01
   9.3213850e-01
   7.2019966e-01
   8.5092382e-01
   7.4535051e-01
   8.2571618e-01
   8.7596014e-01
   8.1963436e-01
   7.6734305e-01
   9.2797224e-01
   7.3627552e-01
   8.5230752e-01
   7.3279145e-01
   8.9419437e-01
   7.2365159e-01
   9.0188784e-01
   8.2979611e-01
   8.6490435e-01
   8.0655585e-01
   8.8998211e-01
   8.1294716e-01
   8.3502065e-01
   8.6235438e-01
   9.1376767e-01
   8.0604271e-01
   6.7085714e-01
   8.1199425e-01
   8.1594780e-01
   8.4914536e-01
   8.0140176e-01
   7.6982810e-01
   6.7886729e-01
   8.5119904e-01
   8.0541428e-01
   8.6461437e-01
   8.2318576e-01
   8.5395357e-01
   8.6360830e-01
   7.9864656e-01
   8.5513907e-01
   9.0750401e-01
   8.1244247e-01
   7.2535151e-01
   7.6975277e-01
   8.1557986e-01
   7.4071449e-01
   8.2138585e-01
   8.4771312e-01
   7.3111959e-01
   8.4584261e-01
   7.4120554e-01
   7.9654967e-01
   8.6547753e-01
   7.2599159e-01
   8.7471217e-01
   7.0576272e-01
   7.9896840e-01
   8.2950856e-01
   8.2718490e-01
   7.9866089e-01
   7.9159387e-01
   7.9485767e-01
   7.9949620e-01
   7.5025318e-01
   7.5006753e-01
   8.0121229e-01
   8.4112256e-01
   8.6977482e-01
   7.5000174e-01
   8.5082348e-01
   8.6955717e-01
   7.3717180e-01
   8.7645850e-01
   8.7362439e-01
   8.6137413e-01
   8.1776921e-01
   8.2609741e-01
   8.4648665e-01
   8.1810822e-01
   8.7590868e-01
   8.3783067e-01
   8.6617622e-01
   7.9746203e-01
   8.4864337e-01
   8.6096030e-01
   8.4884929e-01
   8.6984455e-01
   7.4929486e-01
   8.0128382e-01
   8.7554736e-01
   8.5659953e-01
   8.2028426e-01
   9.2379574e-01
   8.7183678e-01
   8.0305667e-01
   7.1711493e-01
   8.2449970e-01
   7.7302733e-01
   8.5629208e-01
   8.7642942e-01
   7.3265412e-01
   6.9023887e-01
   8.1600935e-01
   8.3267194e-01
   7.6695510e-01
   8.9422109e-01
   8.7659913e-01
   8.3717465e-01
   8.6081507e-01
   8.1949912e-01
   8.5880473e-01
   8.8434796e-01
   8.4590491e-01
   8.6386454e-01
   8.2901731e-01
   7.6261992e-01
   8.1929060e-01
   7.7422745e-01
   7.7638877e-01
   8.6801285e-01
   8.3275207e-01
   7.3635674e-01
   8.6749920e-01
   8.5627862e-01
   7.3179975e-01
   8.7976608e-01
   8.4014559e-01
   8.1965535e-01
   7.8438358e-01
   7.3425983e-01
   7.4470881e-01
   8.5865407e-01
   7.9083523e-01
   8.6198898e-01
   9.1903459e-01
   8.2453217e-01
   7.5673598e-01
   7.1000939e-01
   7.9512986e-01
   8.1876908e-01
   8.7041786e-01
   8.6425748e-01
   8.1509064e-01
   8.1499967e-01
   7.5308269e-01
   8.5382012e-01
   7.8562923e-01
   8.1208567e-01
   8.4389978e-01
   8.0265817e-01
   7.9979044e-01
   7.2115029e-01
   7.5194730e-01
   7.4816976e-01
   8.5231724e-01
   8.4215473e-01
   7.8234548e-01
   8.4126094e-01
   8.2046492e-01
   8.1294839e-01
   8.9472147e-01
   8.1624906e-01
   7.4348355e-01
   8.5029060e-01
   8.3143312e-01
   9.1595885e-01
   8.5084253e-01
   7.9167594e-01
   7.9782375e-01
   8.6211216e-01
   7.1391286e-01
   8.3124651e-01
   7.8562923e-01
   7.8238113e-01
   8.6656490e-01
   8.2073615e-01
   8.6198993e-01
   7.7300864e-01
   9.0713343e-01
   7.8454057e-01
   8.3244322e-01
   7.7217629e-01
   8.2092676e-01
   7.6921196e-01
   8.4714830e-01
   8.2138585e-01
   8.3518810e-01
   8.1651727e-01
   8.2190051e-01
   7.8449713e-01
   7.7555293e-01
   8.5174146e-01
   8.0561999e-01
   8.5370749e-01
   7.1131016e-01
   8.4191616e-01
   9.0794013e-01
   7.6911736e-01
   8.6812607e-01
   8.4725643e-01
   8.8233746e-01
   8.1553925e-01
   8.5763602e-01
   8.1461971e-01
   7.5396104e-01
   8.0261141e-01
   8.0433552e-01
   8.5632246e-01
   8.8330059e-01
   7.7023421e-01
   9.0019182e-01
   7.2849405e-01
   8.4785679e-01
   8.9363818e-01
   8.0780096e-01
   9.0069530e-01
   8.5850524e-01
   8.6277941e-01
   8.2608854e-01
   8.1560340e-01
   8.1304976e-01
   8.4090445e-01
   8.4887640e-01
   7.5363295e-01
   8.3414223e-01
   8.7416617e-01
   8.5529731e-01
   8.7561236e-01
   8.3460426e-01
   8.9393115e-01
   7.9880146e-01
   7.8646693e-01
   8.5004903e-01
   7.8128799e-01
   8.0203987e-01
   8.6122140e-01
   8.6235177e-01
   8.5647615e-01
   8.9854061e-01
   9.1346497e-01
   8.1170493e-01
   8.1262775e-01
   8.1092927e-01
   8.8601814e-01
   8.7591404e-01
   9.0571178e-01
   9.4230321e-01
   8.8217584e-01
   8.0085939e-01
   8.3059408e-01
   8.5513719e-01
   8.2788886e-01
   8.6005686e-01
   8.7928847e-01
   8.9252409e-01
   9.3666566e-01
   8.8206753e-01
   9.1970060e-01
   9.1980741e-01
   8.5513421e-01
   8.4598247e-01
   7.2565782e-01
   8.5024365e-01
   8.0137116e-01
   9.0495845e-01
   8.9518833e-01
   8.6610175e-01
   7.9604029e-01
   8.8153167e-01
   8.9751492e-01
   9.2096155e-01
   9.2304584e-01
   8.5376989e-01
   9.1405917e-01
   8.1044733e-01
   8.8231417e-01
   8.5599990e-01
   8.8374363e-01
   6.7548738e-01
   7.8327880e-01
   8.9622951e-01
   9.1056608e-01
   9.0015084e-01
   8.7386226e-01
   8.9368441e-01
   8.6795518e-01
   9.0590921e-01
   9.2906252e-01
   7.8975133e-01
   7.8774204e-01
   9.0293094e-01
   9.1290070e-01
   9.0797002e-01
   8.2107819e-01
   8.6357105e-01
   8.6680555e-01
   8.7694318e-01
   8.1956451e-01
   8.3000336e-01
   8.8343410e-01
   8.4583664e-01
   8.7242766e-01
   9.0512050e-01
   9.1310538e-01
   8.6970976e-01
   8.5644378e-01
   8.3082910e-01
   8.1168346e-01
   7.2274331e-01
   8.4237633e-01
   8.3264771e-01
   8.5699299e-01
   9.1244636e-01
   7.8058245e-01
   9.0481416e-01
   8.5236195e-01
   9.1274345e-01
   8.2279477e-01
   8.8158118e-01
   8.4023628e-01
   8.2763901e-01
   8.4232298e-01
   7.7808964e-01
   7.9309601e-01
   8.8532408e-01
   9.2137257e-01
   9.1142149e-01
   8.2724868e-01
   8.5636286e-01
   8.7887531e-01
   9.0298979e-01
   8.7070587e-01
   9.3352408e-01
   8.5575372e-01
   8.0870071e-01
   7.7077521e-01
   7.8677124e-01
   7.3013275e-01
   8.6058024e-01
   8.8823884e-01
   7.5737950e-01
   7.2854504e-01
   8.3473030e-01
   8.6273422e-01
   9.0983445e-01
   8.3306200e-01
   7.8030934e-01
   8.4730234e-01
   8.8021992e-01
   7.3043379e-01
   8.8508037e-01
   8.5103015e-01
   8.3086804e-01
   8.4426873e-01
   8.0146464e-01
   8.0269146e-01
   7.7793772e-01
   8.5006088e-01
   7.7328511e-01
   8.7645208e-01
   8.7096543e-01
   8.3408230e-01
   8.3964927e-01
   7.9227499e-01
   8.3633420e-01
   8.1216868e-01
   7.6568329e-01
   8.4546232e-01
   8.7938150e-01
   8.8914626e-01
   9.2442165e-01
   9.1008917e-01
   8.1980768e-01
   6.5516326e-01
   6.2178730e-01
   8.6299116e-01
   8.5120430e-01
   8.3309342e-01
   8.7596861e-01
   7.6695655e-01
   8.1717630e-01
   9.0808222e-01
   8.0329378e-01
   9.0713607e-01
   7.7269002e-01
   8.9696054e-01
   8.1024787e-01
   8.2855223e-01
   7.9709307e-01
   7.4935520e-01
   8.7029363e-01
   9.3296398e-01
   8.0519150e-01
   8.2760124e-01
   7.0271628e-01
   8.3219854e-01
   9.0758286e-01
   8.3548680e-01
   8.3984898e-01
   8.4732788e-01
   8.9154831e-01
   8.0399174e-01
   8.9116903e-01
   8.6136649e-01
   8.4719160e-01
   8.7364799e-01
   8.6368806e-01
   7.8475003e-01
   8.5278373e-01
   8.6809575e-01
   8.6305571e-01
   8.9525317e-01
   8.6970976e-01
   9.1348784e-01
   8.4333783e-01
   9.1676882e-01
   8.1628940e-01
   7.9934159e-01
   7.3608389e-01
   8.4433796e-01
   8.4528695e-01
   8.3278341e-01
   8.7043834e-01
   8.1606764e-01
   8.0209916e-01
   7.9296485e-01
   7.6326135e-01
   8.7686132e-01
   9.1141945e-01
   8.5771650e-01
   8.4025467e-01
   8.7223655e-01
   8.0061995e-01
   8.7726435e-01
   8.3473672e-01
   8.5323694e-01
   8.4817075e-01
   8.2205803e-01
   8.7280775e-01
   9.2985296e-01
   8.5114353e-01
   9.0196470e-01
   8.1433986e-01
   9.1877563e-01
   9.1920361e-01
   8.6347186e-01
   8.0164876e-01
   8.2220219e-01
   7.9431122e-01
   8.0435384e-01
   8.3617207e-01
   8.8995230e-01
   8.4359619e-01
   8.7962272e-01
   8.7680940e-01
   8.9019953e-01
   8.0826025e-01
   9.1011955e-01
   8.5862427e-01
   9.2101431e-01
   9.5294140e-01
   8.9701024e-01
   9.0816597e-01
   8.4135029e-01
   8.5718677e-01
   8.3568645e-01
   8.5266879e-01
   8.8663100e-01
   8.8757524e-01
   8.6816139e-01
   9.1262393e-01
   8.5892754e-01
   8.8282207e-01
   8.6980462e-01
   9.0617658e-01
   8.1626462e-01
   8.0560735e-01
   8.3498898e-01
   8.1850412e-01
   9.2833048e-01
   8.4471250e-01
   8.8671227e-01
   8.7522985e-01
   8.9839327e-01
   8.8795736e-01
   8.6398037e-01
   8.1099079e-01
   8.5472139e-01
   8.7610170e-01
   8.8386438e-01
   9.3834904e-01
   7.8654820e-01
   8.0798014e-01
   7.4954057e-01
   9.0515452e-01
   8.8082400e-01
   9.2875748e-01
   9.3543907e-01
   8.7595656e-01
   7.7302997e-01
   8.3852825e-01
   8.7573285e-01
   8.5147543e-01
   8.5761243e-01
   8.9051497e-01
   8.6439796e-01
   8.8851316e-01
   8.5339045e-01
   8.8434658e-01
   8.6535328e-01
   9.0792345e-01
   7.4354088e-01
   8.0473077e-01
   8.8425316e-01
   8.9796980e-01
   7.9212507e-01
   7.4237876e-01
   8.8635615e-01
   8.6424939e-01
   8.5009954e-01
   8.2755389e-01
   8.3915445e-01
   7.8489596e-01
   9.1587696e-01
   8.1172335e-01
   8.9122862e-01
   9.4730182e-01
   8.8696731e-01
   7.7373076e-01
   8.4057629e-01
   8.9040184e-01
   8.1945146e-01
   8.8152977e-01
   8.7125274e-01
   8.4301223e-01
   8.7148424e-01
   7.9198038e-01
   8.0001462e-01
   8.9665883e-01
   7.7297707e-01
   9.1825815e-01
   8.2536164e-01
   8.6450612e-01
   7.7048165e-01
   9.3591934e-01
   9.0583515e-01
   8.6280084e-01
   9.3225054e-01
   8.0213328e-01
   8.9378974e-01
   8.2129708e-01
   8.5474940e-01
   8.6501058e-01
   8.0913734e-01
   8.8956034e-01
   8.7955219e-01
   9.0853905e-01
   9.4663746e-01
   8.2553334e-01
   8.7210274e-01
   8.9593542e-01
   8.8006288e-01
   8.2197895e-01
   9.1745901e-01
   8.4131304e-01
   8.1452101e-01
   7.5614253e-01
   9.2833625e-01
   9.0607356e-01
   7.6833089e-01
   8.2677819e-01
   7.8032848e-01
   7.4326134e-01
   7.8069722e-01
   8.9643680e-01
   8.5508082e-01
   6.6998805e-01
   9.1707750e-01
   9.3550191e-01
   8.5620165e-01
   7.3837616e-01
   8.5276482e-01
   8.7754311e-01
   8.2716534e-01
   7.8975252e-01
   8.4630333e-01
   8.9010737e-01
   8.9639416e-01
   8.8405235e-01
   8.8958214e-01
   9.3377570e-01
   7.5898708e-01
   7.5358907e-01
   8.8974763e-01
   8.5799346e-01
   8.5340346e-01
   8.4781016e-01
   8.5887488e-01
   8.8281078e-01
   7.9665422e-01
   8.6987625e-01
   8.9474076e-01
   8.4239083e-01
   8.9363770e-01
   8.9444303e-01
   8.9864572e-01
   8.6818610e-01
   8.4740343e-01
   7.4549208e-01
   8.8696142e-01
   8.3472755e-01
   8.8600957e-01
   7.7490158e-01
   9.2464949e-01
   9.3410293e-01
   8.1712743e-01
   8.9499794e-01
   8.1018803e-01
   8.5357821e-01
   9.4568592e-01
   9.1894939e-01
   6.9031303e-01
   8.0221939e-01
   8.5792331e-01
   8.5226893e-01
   7.9438333e-01
   9.3338697e-01
   9.1121336e-01
   9.0569593e-01
   8.1489489e-01
   8.2510723e-01
   8.9217378e-01
   7.8836659e-01
   8.2364164e-01
   7.4424588e-01
   8.4084623e-01
   8.7665005e-01
   8.9261608e-01
   7.1312171e-01
   8.9600257e-01
   8.8032986e-01
   8.9550173e-01
   7.9505533e-01
   7.7414681e-01
   8.3714029e-01
   8.4257704e-01
   8.4976238e-01
   8.4189548e-01
   8.7442232e-01
   8.5933170e-01
   8.3152613e-01
   9.0912275e-01
   9.0940178e-01
   8.6122848e-01
   8.4575025e-01
   9.3347684e-01
   8.7635979e-01
   8.9468632e-01
   9.2837568e-01
   9.3977291e-01
   9.0155250e-01
   7.7881440e-01
   9.1330541e-01
   8.8313119e-01
   9.1835324e-01
   9.0131038e-01
   9.3298536e-01
   8.7336156e-01
   8.6208670e-01
   8.7090215e-01
   8.3083586e-01
   8.2112561e-01
   8.4151800e-01
   8.8638072e-01
   8.4505345e-01
   9.1788887e-01
   7.6379037e-01
   8.3657986e-01
   8.9173559e-01
   8.9043514e-01
   8.7596105e-01
   7.6132327e-01
   9.2718050e-01
   9.4539471e-01
   9.0612078e-01
   9.2306502e-01
   8.7710461e-01
   9.5469154e-01
   9.3745189e-01
   9.1705232e-01
   8.9917393e-01
   8.6434711e-01
   8.5668427e-01
   9.1956158e-01
   8.5983850e-01
   7.2218285e-01
   9.3202781e-01
   8.5136930e-01
   8.7837550e-01
   8.1762293e-01
   9.2717095e-01
   6.8709632e-01
   8.6734681e-01
   8.2299401e-01
   8.9905070e-01
   8.4917592e-01
   8.4685296e-01
   8.8371901e-01
   8.1270144e-01
   9.1356437e-01
   9.2192564e-01
   7.9723299e-01
   9.3356041e-01
   8.9370846e-01
   8.9912663e-01
   9.1722731e-01
   8.9142400e-01
   9.2416867e-01
   8.8242776e-01
   8.8216057e-01
   8.8610849e-01
   8.4302741e-01
   8.4126938e-01
   9.0347997e-01
   8.2106837e-01
   8.9262857e-01
   9.0811188e-01
   8.3889769e-01
   7.2487310e-01
   6.9464102e-01
   8.3853444e-01
   8.9019795e-01
   8.8594436e-01
   8.6038247e-01
   9.1344228e-01
   7.7596143e-01
   8.8986811e-01
   8.1985223e-01
   8.0420406e-01
   8.7229051e-01
   8.3066367e-01
   9.2790501e-01
   8.4074240e-01
   8.3942973e-01
   9.1143855e-01
   8.6994309e-01
   8.8052769e-01
   8.8609967e-01
   8.4194487e-01
   9.2539329e-01
   8.9166685e-01
   8.6303759e-01
   8.3709321e-01
   8.6482928e-01
   8.3850891e-01
   8.9947161e-01
   9.1576257e-01
   8.7339488e-01
   9.0915973e-01
   9.3059654e-01
   9.0526813e-01
   8.3786898e-01
   8.8057434e-01
   8.5831571e-01
   8.5587014e-01
   9.0430102e-01
   8.3058557e-01
   8.9865564e-01
   8.7628883e-01
   9.1617312e-01
   8.7940705e-01
   8.5362022e-01
   8.4331870e-01
   8.7648886e-01
   8.4344607e-01
   9.3456469e-01
   8.9091509e-01
   8.7586968e-01
   8.3231090e-01
   8.8659724e-01
   8.3264497e-01
   8.5603642e-01
   8.4458427e-01
   8.8318537e-01
   8.4126092e-01
   8.8201956e-01
   9.3568991e-01
   8.9686077e-01
   8.8338042e-01
   8.6970473e-01
   8.1974188e-01
   8.3569732e-01
   9.0191332e-01
   8.7674436e-01
   8.7208036e-01
   9.0105098e-01
   8.2548676e-01
   9.4589493e-01
   8.4058128e-01
   8.6986431e-01
   9.4046088e-01
   8.1438104e-01
   8.6172818e-01
   8.8336000e-01
   7.4896254e-01
   8.5811667e-01
   9.0778445e-01
   8.1742290e-01
   8.9832041e-01
   8.3363931e-01
   8.3170355e-01
   8.3277701e-01
   8.9813727e-01
   8.8451374e-01
   8.5924741e-01
   9.1368095e-01
   9.1362560e-01
   8.7013365e-01
   9.3287626e-01
   9.1303941e-01
   8.6502668e-01
   8.5508910e-01
   8.7888099e-01
   9.0296747e-01
   8.6547380e-01
   8.2982727e-01
   9.5105114e-01
   8.9542824e-01
   9.5044457e-01
   8.4001003e-01
   8.8916379e-01
   9.4317174e-01
   8.6351488e-01
   7.8400337e-01
   8.6969289e-01
   8.7332419e-01
   8.0373630e-01
   9.0609092e-01
   8.6415647e-01
   8.4217489e-01
   8.9510725e-01
   9.2215659e-01
   9.3858200e-01
   8.8493929e-01
   9.3341595e-01
   8.5016065e-01
   8.9470313e-01
   9.0643951e-01
   9.4430164e-01
   9.4822951e-01
   8.9570946e-01
   9.0191056e-01
   8.8428804e-01
   8.9065460e-01
   9.1080784e-01
   8.6923032e-01
   9.0067060e-01
   7.7781002e-01
   9.2771072e-01
   9.1851347e-01
   8.8781781e-01
   8.9418553e-01
   9.0230440e-01
   8.4810153e-01
   8.8127995e-01
   9.1414838e-01
   8.8410949e-01
   9.2467409e-01
   8.9519399e-01
   9.4800892e-01
   9.0693106e-01
   8.2418355e-01
   8.4874629e-01
   9.4268557e-01
   8.8101806e-01
   8.9915073e-01
   8.3523273e-01
   9.1812908e-01
   8.8568636e-01
   8.7048581e-01
   9.1130714e-01
   9.3093944e-01
   8.7951366e-01
   8.4514199e-01
   7.9195572e-01
   9.1982399e-01
   9.0705762e-01
   8.8200877e-01
   8.1626827e-01
   9.0354404e-01
   9.3829032e-01
   9.2175540e-01
   6.9589194e-01
   8.6350439e-01
   8.5791205e-01
   8.6263922e-01
   9.1464366e-01
   9.3387451e-01
   9.0171670e-01
   8.8652634e-01
   8.7864592e-01
   8.5871930e-01
   9.3079978e-01
   8.5653694e-01
   9.4366473e-01
   9.1116603e-01
   8.4589858e-01
   9.4473752e-01
   9.0069369e-01
   9.0482457e-01
   8.7388107e-01
   8.7573546e-01
   8.0889276e-01
   8.0754705e-01
   8.3387817e-01
   8.6120172e-01
   8.9435658e-01
   8.6422672e-01
   8.8546484e-01
   7.6685460e-01
   9.2256066e-01
   8.3343121e-01
   7.9670722e-01
   8.9302631e-01
   8.7530579e-01
   9.1619908e-01
   9.0799824e-01
   8.8238195e-01
   8.9583057e-01
   8.5401854e-01
   8.5797666e-01
   9.3820308e-01
   7.4536486e-01
   8.4169723e-01
   8.5527655e-01
   8.5643119e-01
   9.0914323e-01
   8.6037259e-01
   8.2194119e-01
   9.3934383e-01
   9.1299556e-01
   9.0031373e-01
   9.4758953e-01
   9.0390171e-01
   7.6216044e-01
   9.0355523e-01
   8.4427632e-01
   9.8972459e-01
   8.6868938e-01
   8.9174194e-01
   7.2427660e-01
   9.4652019e-01
   9.3496064e-01
   9.1010979e-01
   8.6918770e-01
   9.1312291e-01
   8.9457780e-01
   9.0976277e-01
   8.4901838e-01
   9.0167550e-01
   8.4597660e-01
   8.5972199e-01
   9.0661351e-01
   9.3419244e-01
   8.7891281e-01
   8.9836159e-01
   9.1168783e-01
   9.2433771e-01
   9.2149483e-01
   9.2661129e-01
   8.7152834e-01
   9.1943094e-01
   8.4818270e-01
   8.2248842e-01
   8.8537466e-01
   8.0019149e-01
   8.8071740e-01
   8.4503975e-01
   8.8420184e-01
   9.2999776e-01
   8.4620392e-01
   8.2078264e-01
   9.4375530e-01
   8.8652388e-01
   9.0236755e-01
   8.3477659e-01
   8.9553441e-01
   9.3866161e-01
   8.8985854e-01
   9.4956437e-01
   9.2287780e-01
   9.1445193e-01
   9.0391555e-01
   8.7155016e-01
   8.9473621e-01
   8.9886818e-01
   8.5038062e-01
   8.4258245e-01
   8.8520535e-01
   7.4912775e-01
   8.3043133e-01
   9.6152564e-01
   8.4974573e-01
   8.7050681e-01
   9.3146759e-01
   8.9818012e-01
   9.4415260e-01
   8.5559204e-01
   7.5719023e-01
   9.1388891e-01
   8.8206813e-01
   8.2263575e-01
   9.2550973e-01
   9.0005476e-01
   9.2324573e-01
   9.2168762e-01
   8.7724589e-01
   8.3612559e-01
   9.4582324e-01
   8.5398793e-01
   8.3393566e-01
   8.7571447e-01
   7.9565084e-01
   9.4414078e-01
   7.8534375e-01
   9.1958485e-01
   9.2988917e-01
   9.3537240e-01
   9.2735819e-01
   9.3908347e-01
   9.3746382e-01
   8.6312207e-01
   7.9150275e-01
   8.7233245e-01
   8.6291589e-01
   9.3797527e-01
   8.5724999e-01
   8.1070427e-01
   9.0136640e-01
   8.7836832e-01
   9.0566557e-01
   9.0378738e-01
   9.4805875e-01
   8.7304155e-01
   9.5098928e-01
   9.1526839e-01
   9.1449319e-01
   9.6638821e-01
   8.6568955e-01
   9.4376514e-01
   9.3979797e-01
   9.0765966e-01
   8.9051764e-01
   8.8039927e-01
   8.7265981e-01
   9.3021135e-01
   9.3735906e-01
   9.2550973e-01
   7.6367948e-01
   9.4858867e-01
   8.7981309e-01
   7.7058202e-01
   9.1383565e-01
   9.0531131e-01
   8.7041406e-01
   7.8728392e-01
   9.1329721e-01
   9.1549188e-01
   8.5473960e-01
   8.8567918e-01
   7.8984734e-01
   9.4178971e-01
   8.6195539e-01
   8.0518528e-01
   8.8327654e-01
   8.6062391e-01
   9.1060278e-01
   9.0846674e-01
   8.6051494e-01
   8.8960133e-01
   9.1641995e-01
   8.0047231e-01
   8.9385852e-01
   8.2477041e-01
   8.4978021e-01
   8.9331991e-01
   8.7531354e-01
   8.8018534e-01
   9.1811523e-01
   8.3473506e-01
   8.6540083e-01
   8.9394166e-01
   8.7801355e-01
   8.6903113e-01
   8.4684507e-01
   9.3812829e-01
   9.2029127e-01
   9.0746424e-01
   8.7300710e-01
   8.5457499e-01
   9.3521095e-01
   8.8322978e-01
   9.2191571e-01
   9.0707659e-01
   8.7718066e-01
   9.4457218e-01
   8.0904067e-01
   8.5303234e-01
   8.3773773e-01
   8.7152674e-01
   9.8905054e-01
   9.1036106e-01
   9.2543132e-01
   8.9033624e-01
   8.7276538e-01
   9.4718177e-01
   9.2870736e-01
   9.0798665e-01
   9.6027694e-01
   8.2691209e-01
   8.5196847e-01
   9.2568815e-01
   9.3277184e-01
   9.4526179e-01
   8.4514066e-01
   9.7509333e-01
   9.4813795e-01
   8.9363757e-01
   9.6257487e-01
   9.0990446e-01
   9.4822270e-01
   8.3321907e-01
   9.2116184e-01
   9.0027788e-01
   9.2724477e-01
   8.9122611e-01
   9.0570589e-01
   9.3224013e-01
   9.4167620e-01
   9.5166542e-01
   8.6137637e-01
   9.4752470e-01
   9.1379022e-01
   8.6843159e-01
   8.5333629e-01
   9.1093035e-01
   8.9947367e-01
   8.5969709e-01
   9.4207154e-01
   9.1195723e-01
   9.6066675e-01
   9.0988114e-01
   9.3342486e-01
   8.6945227e-01
   8.5612054e-01
   9.2894684e-01
   7.3146515e-01
   9.6213905e-01
   8.0592221e-01
   8.9163977e-01
   8.9911608e-01
   9.2526800e-01
   7.9301215e-01
   9.0906759e-01
   8.8899714e-01
   9.0765918e-01
   7.5980945e-01
   7.9511186e-01
   8.4787246e-01
   9.2402196e-01
   8.6446843e-01
   9.2374976e-01
   9.4255386e-01
   8.7020802e-01
   9.2925664e-01
   9.5207904e-01
   9.6403092e-01
   8.2358883e-01
   9.3201453e-01
   8.6488717e-01
   9.0036234e-01
   8.6801633e-01
   8.7223651e-01
   9.1203192e-01
   8.7141016e-01
   8.4687427e-01
   8.4696569e-01
   8.9991942e-01
   9.2561329e-01
   8.9676204e-01
   8.1288971e-01
   8.7737509e-01
   9.3138246e-01
   9.2330637e-01
   9.0436795e-01
   9.1982449e-01
   9.7953878e-01
   8.4165744e-01
   9.7073430e-01
   8.2909287e-01
   9.4244714e-01
   9.0304794e-01
   8.9869779e-01
   9.0374079e-01
   9.1954370e-01
   9.2440451e-01
   9.2438044e-01
   9.4015401e-01
   8.8321877e-01
   8.7792125e-01
   8.6360105e-01
   8.8172231e-01
   9.8786727e-01
   9.3691881e-01
   9.4657317e-01
   8.3531097e-01
   9.5785057e-01
   9.1165569e-01
   9.4443551e-01
   8.9514242e-01
   9.7505619e-01
   9.2475750e-01
   8.0507920e-01
   8.1012706e-01
   8.4033942e-01
   9.3504050e-01
   9.6146703e-01
   9.6133679e-01
   9.7454830e-01
   9.4945921e-01
   9.6032672e-01
   8.8402135e-01
   8.5549136e-01
   9.6841105e-01
   9.3136975e-01
   7.6471011e-01
   9.4027448e-01
   8.9008443e-01
   9.3593523e-01
   8.9732329e-01
   8.8785584e-01
   9.2176562e-01
   9.4786410e-01
   8.1297358e-01
   9.0947301e-01
   8.1000660e-01
   9.3945634e-01
   8.6891189e-01
   7.2085801e-01
   9.6711542e-01
   9.2518680e-01
   9.6071798e-01
   8.3223760e-01
   8.6541536e-01
   9.5502833e-01
   9.2127278e-01
   9.2152597e-01
   9.3382758e-01
   9.2221176e-01
   8.4830513e-01
   9.3592255e-01
   8.8517843e-01
   9.5176334e-01
   9.4818274e-01
   9.1330895e-01
   9.0542722e-01
   9.0820021e-01
   8.8076291e-01
   8.6869391e-01
   8.5218695e-01
   8.8654898e-01
   8.6150355e-01
   9.2609020e-01
   9.1244695e-01
   9.5118306e-01
   9.1120726e-01
   9.1532677e-01
   8.4934111e-01
   9.4188071e-01
   9.5094903e-01
   7.9982158e-01
   9.2131557e-01
   9.6513629e-01
   8.1051046e-01
   8.9064022e-01
   8.6302919e-01
   9.1445256e-01
   9.1104036e-01
   9.5658111e-01
   9.5079324e-01
   8.8264562e-01
   9.2634435e-01
   9.0886672e-01
   9.5656383e-01
   8.8907978e-01
   9.0705909e-01
   8.3852191e-01
   8.9849206e-01
   9.1769151e-01
   9.1688183e-01
   8.6089304e-01
   9.1522881e-01
   9.3583961e-01
   8.9407097e-01
   9.0297556e-01
   8.8790434e-01
   9.4386331e-01
   9.1396646e-01
   9.4778226e-01
   9.2046980e-01
   8.6911978e-01
   8.8510360e-01
   9.3669030e-01
   9.1443588e-01
   8.6965326e-01
   9.3710313e-01
   9.1598447e-01
   9.3090044e-01
   9.5706843e-01
   9.5939827e-01
   8.3914720e-01
   9.5492976e-01
   8.3823653e-01
   9.0879961e-01
   8.5772897e-01
   9.6534535e-01
   8.0853801e-01
   9.7569492e-01
   9.6742072e-01
   9.5563132e-01
   9.7218303e-01
   9.8050531e-01
   9.5821689e-01
   8.3606816e-01
   8.3588026e-01
   8.8395615e-01
   8.6791041e-01
   8.7218776e-01
   9.3677018e-01
   9.4338074e-01
   8.9556976e-01
   9.5780065e-01
   9.0080912e-01
   9.2904857e-01
   9.3122455e-01
   8.4695441e-01
   9.5299001e-01
   8.9333663e-01
   9.3781809e-01
   9.3956534e-01
   9.5178388e-01
   9.4972910e-01
   9.4080601e-01
   9.3135480e-01
   8.8894508e-01
   8.9391892e-01
   8.8516327e-01
   9.7654800e-01
   9.0450739e-01
   8.7611030e-01
   9.4510552e-01
   9.5576616e-01
   7.7643390e-01
   9.8002466e-01
   9.0888926e-01
   9.4071680e-01
   8.4178897e-01
   9.1857281e-01
   9.7962819e-01
   9.5296203e-01
   8.2454478e-01
   9.1419322e-01
   9.1699738e-01
   9.0734082e-01
   9.5720277e-01
   9.1119376e-01
   9.3894743e-01
   9.3052597e-01
   9.3142399e-01
   8.6141341e-01
   8.7350842e-01
   9.7225620e-01
   9.1827260e-01
   9.2201770e-01
   9.2649930e-01
   9.2738960e-01
   9.6677884e-01
   9.2662899e-01
   9.4683464e-01
   9.1145830e-01
   9.3565181e-01
   8.9649934e-01
   9.1456086e-01
   9.2686447e-01
   9.3569627e-01
   8.9297909e-01
   9.4744808e-01
   9.6568681e-01
   9.7013396e-01
   9.2717021e-01
   8.3335128e-01
   9.5248729e-01
   8.7356265e-01
   8.9730137e-01
   9.3089158e-01
   9.1378077e-01
   9.4895308e-01
   8.9196789e-01
   9.5662081e-01
   9.1675961e-01
   9.7574173e-01
   9.4851565e-01
   9.4778016e-01
   9.5753712e-01
   9.4101996e-01
   8.7672525e-01
   9.4656399e-01
   9.3378512e-01
   8.6133315e-01
   9.4655031e-01
   8.5446575e-01
   9.4310635e-01
   9.2575344e-01
   8.8945776e-01
   9.0298644e-01
   9.4287392e-01
   9.4238679e-01
   8.8496526e-01
   9.3380516e-01
   8.4543129e-01
   9.7683072e-01
   9.2188865e-01
   8.2920358e-01
   8.9209276e-01
   9.4920036e-01
   9.8460006e-01
   9.0974235e-01
   9.3921879e-01
   9.0527827e-01
   9.6631869e-01
   9.2232151e-01
   9.7500837e-01
   9.3891982e-01
   9.6951728e-01
   9.7688925e-01
   8.2094632e-01
   9.3084320e-01
   9.3914568e-01
   9.2680153e-01
   9.0115936e-01
   9.3523857e-01
   9.1838065e-01
   9.6568271e-01
   9.5573586e-01
   9.7034816e-01
   9.4612725e-01
   9.1118033e-01
   9.6596103e-01
   8.5733296e-01
   9.5030301e-01
   9.7812259e-01
   9.1146570e-01
   8.2440898e-01
   9.5691084e-01
   8.9891197e-01
   8.7767971e-01
   8.8293142e-01
   9.3407300e-01
   9.8408617e-01
   9.0781703e-01
   9.2914268e-01
   9.1809684e-01
   9.3211594e-01
   9.3128042e-01
   9.2202214e-01
   9.1042304e-01
   9.7339522e-01
   9.2023637e-01
   9.7220631e-01
   9.7560596e-01
   9.2601348e-01
   9.8246315e-01
   9.2578568e-01
   9.3759117e-01
   8.6328932e-01
   9.4399095e-01
   8.6186787e-01
   9.3268441e-01
   9.2226052e-01
   9.4233941e-01
   9.5408541e-01
   9.0688213e-01
   9.2502772e-01
   9.0344351e-01
   9.6540381e-01
   9.7068174e-01
   8.9894170e-01
   8.3479613e-01
   9.5709087e-01
   8.9406471e-01
   8.7394413e-01
   9.7398801e-01
   9.7142445e-01
   9.3652391e-01
   9.4343956e-01
   9.7217624e-01
   9.3152189e-01
   9.6775740e-01
   9.2551620e-01
   9.1129292e-01
   9.0577849e-01
   9.5679993e-01
   9.4400203e-01
   9.6226074e-01
   9.2805411e-01
   8.7895998e-01
   9.4339116e-01
   9.0225385e-01
   9.4165962e-01
   8.7353405e-01
   9.1938329e-01
   9.6728794e-01
   8.6704018e-01
   9.4902295e-01
   8.7355021e-01
   9.8566494e-01
   9.6827733e-01
   9.3799956e-01
   9.4859041e-01
   9.6930072e-01
   8.5881184e-01
   8.6994056e-01
   9.5743555e-01
   9.5177199e-01
   8.6732809e-01
   9.6053091e-01
   9.1481796e-01
   9.1201002e-01
   9.5120995e-01
   9.3497427e-01
   9.7115565e-01
   9.0068751e-01
   9.4123284e-01
   8.9795292e-01
   9.7279360e-01
   9.6919294e-01
   9.0969193e-01
   9.6747718e-01
   9.7875864e-01
   9.4101729e-01
   9.3663675e-01
   9.8340057e-01
   9.1991974e-01
   8.3756370e-01
   9.3541152e-01
   9.6753549e-01
   9.8984230e-01
   9.6423966e-01
   8.5964538e-01
   9.6486663e-01
   9.2770171e-01
   8.6111065e-01
   9.0920469e-01
   8.3814966e-01
   9.0727538e-01
   9.0896770e-01
   9.7101230e-01
   9.5310279e-01
   9.0328416e-01
   9.6118883e-01
   9.8200101e-01
   9.7580960e-01
   8.9332781e-01
   9.9286066e-01
