   7.8242274e-01
   7.7590710e-01
   6.9556017e-01
   8.6664259e-01
   8.6006473e-01
   9.3407105e-01
   9.1691796e-01
   8.3986640e-01
   9.1022851e-01
   9.4251509e-01
   9.4055188e-01
   9.4539184e-01
   8.9902959e-01
   9.5358071e-01
   9.4876898e-01
   9.5841662e-01
   8.6943322e-01
   9.2902919e-01
   9.6013747e-01
   9.6090531e-01
   9.7528247e-01
   9.8291556e-01
   9.5492791e-01
   9.7121367e-01
   9.5965929e-01
   9.7847189e-01
   9.0552823e-01
   9.5862874e-01
   9.6099447e-01
   9.6956020e-01
   9.0998388e-01
   9.6040282e-01
   9.7622715e-01
   9.7209681e-01
   9.6963156e-01
   9.8742833e-01
   9.4927923e-01
   9.4368528e-01
   9.7436759e-01
   9.6069687e-01
   9.9005184e-01
   9.8125786e-01
   9.7973375e-01
   9.9129913e-01
   9.8499918e-01
   9.8442366e-01
   9.9216277e-01
   9.7257283e-01
   9.8228190e-01
   9.9527029e-01
   9.8526489e-01
   9.9040029e-01
   8.6795195e-01
   9.5971949e-01
   9.9180429e-01
   9.7977511e-01
   9.9217240e-01
   9.8789013e-01
   9.8885973e-01
   9.9830722e-01
   9.8818583e-01
   9.9731289e-01
   9.8289427e-01
   9.8748881e-01
   9.5389449e-01
   9.6845852e-01
   9.7320017e-01
   9.8854783e-01
   9.6871778e-01
   9.8673913e-01
   9.7822408e-01
   9.8772865e-01
   9.7006875e-01
   9.5294925e-01
   9.9584683e-01
   9.8992382e-01
   9.8846627e-01
   9.8114158e-01
   9.9142521e-01
   9.8314151e-01
   9.8420892e-01
   9.8804911e-01
   9.8409341e-01
   9.8895857e-01
   9.8524435e-01
   9.9307113e-01
   9.4567201e-01
   9.7618718e-01
   9.9644374e-01
   9.9084941e-01
   9.9814279e-01
   9.9556473e-01
   9.7839794e-01
   9.9584526e-01
   9.9654043e-01
   9.7469804e-01
   9.7690749e-01
   9.9798155e-01
   9.9702246e-01
   9.8695709e-01
   9.9475096e-01
   9.9819872e-01
   9.9114530e-01
   9.9279492e-01
   9.8352954e-01
   9.9361764e-01
   9.9746453e-01
   9.8770063e-01
   9.9424147e-01
   9.9536158e-01
   9.3453861e-01
   9.8363742e-01
   9.9356138e-01
   9.9271654e-01
   9.7749544e-01
   9.9456805e-01
   9.9841313e-01
   9.7247648e-01
   9.8871426e-01
   9.8312985e-01
   9.8072021e-01
   9.9210175e-01
   9.8806531e-01
   9.9418402e-01
   9.9363134e-01
   9.9812416e-01
   9.9035761e-01
   9.7982854e-01
   9.7764559e-01
   9.9292156e-01
   9.9208498e-01
   9.8566182e-01
   9.9533215e-01
   9.9612621e-01
   9.9866056e-01
   9.9862409e-01
   9.9190651e-01
   9.9277442e-01
   8.9701195e-01
   9.9372334e-01
   9.6842600e-01
   9.9271557e-01
   9.9056815e-01
   9.7285535e-01
   9.9657343e-01
   9.6917842e-01
   9.8279809e-01
   9.8207784e-01
   9.8653963e-01
   9.8772721e-01
   9.7279438e-01
   9.6712091e-01
   9.5684988e-01
   9.9127148e-01
   9.8684442e-01
   9.7326519e-01
   9.9451738e-01
   9.8937100e-01
   9.8982609e-01
   9.9959353e-01
   9.9522526e-01
   9.9005470e-01
   9.9781003e-01
   9.7914110e-01
   9.8883835e-01
   9.9875201e-01
   9.7447659e-01
   9.8697634e-01
   9.9264573e-01
   9.9170993e-01
   9.7371194e-01
   9.5610443e-01
   9.9843922e-01
   9.9432000e-01
   9.8179511e-01
   9.8181305e-01
   9.9447364e-01
   9.9881796e-01
   9.8905908e-01
   9.5606203e-01
   9.8846334e-01
   9.9837545e-01
   9.8017034e-01
   9.9699915e-01
   9.8745000e-01
   9.6563807e-01
   9.9074516e-01
   9.9572473e-01
   9.8166880e-01
   9.9598629e-01
   9.9727961e-01
   9.9592043e-01
   9.9256016e-01
   9.9433943e-01
   9.9250205e-01
   9.7411608e-01
   9.9820193e-01
   9.8341937e-01
   9.9365151e-01
   9.9823819e-01
   9.9237015e-01
   9.9034867e-01
   9.9378403e-01
   9.8566334e-01
   9.9387303e-01
   9.9383811e-01
   9.8154353e-01
   9.8864455e-01
   9.9279091e-01
   9.6825501e-01
   9.9349107e-01
   9.7535066e-01
   9.4201178e-01
   9.8339658e-01
   9.8612088e-01
   9.8872453e-01
   9.7888004e-01
   9.9016596e-01
   9.9479084e-01
   9.9758927e-01
   9.8564574e-01
   9.8121526e-01
   9.8474534e-01
   9.9598599e-01
   9.9420295e-01
   9.8260329e-01
   9.9246784e-01
   9.9696324e-01
   9.9785237e-01
   9.9777813e-01
   9.4232088e-01
   9.7030557e-01
   9.9529223e-01
   9.9703729e-01
   9.9295955e-01
   9.7700197e-01
   9.9891381e-01
   9.9176145e-01
   9.8315267e-01
   9.8409350e-01
   9.9264998e-01
   9.8389612e-01
   9.7052041e-01
   9.8383770e-01
   9.9248936e-01
   9.8898970e-01
   9.8782137e-01
   9.9070128e-01
   9.9729222e-01
   9.8707977e-01
   9.8553909e-01
   9.9005625e-01
   9.9167717e-01
   9.8435364e-01
   9.7589567e-01
   9.9632860e-01
   9.5201536e-01
   9.8587118e-01
   9.9513940e-01
   9.5229245e-01
   9.7567054e-01
   9.8093632e-01
   9.9088169e-01
   9.5566013e-01
   9.9798067e-01
   9.9495647e-01
   9.8532732e-01
   9.8503341e-01
   9.9197826e-01
   9.7815120e-01
   9.8338944e-01
   9.5863257e-01
   9.9289052e-01
   9.9489731e-01
   9.7834133e-01
   9.8008738e-01
   9.9267756e-01
   9.5712506e-01
   9.9467731e-01
   9.7971888e-01
   9.9412378e-01
   9.9275423e-01
   9.9764763e-01
   9.8518094e-01
   9.9003882e-01
   9.9029819e-01
   9.4489412e-01
   9.7706206e-01
   9.9666434e-01
   9.7557332e-01
   9.9060378e-01
   9.9246087e-01
   9.9151900e-01
   9.7595508e-01
   9.9183221e-01
   9.7756562e-01
   9.9758462e-01
   9.1514480e-01
   9.7517923e-01
   9.4701434e-01
