   7.4586745e-01
   7.8619387e-01
   7.3329512e-01
   7.8954290e-01
   6.7613223e-01
   7.5050016e-01
   7.9922589e-01
   7.5908670e-01
   7.9458767e-01
   7.2169205e-01
   6.8990381e-01
   6.6344652e-01
   6.1859209e-01
   6.6172790e-01
   6.4434188e-01
   8.0169015e-01
   5.6898050e-01
   8.3011946e-01
   8.5424452e-01
   7.2873989e-01
   6.9093283e-01
   7.1317784e-01
   8.0764916e-01
   7.2252026e-01
   6.2591785e-01
   8.0897738e-01
   6.6878205e-01
   8.2815524e-01
   7.6770435e-01
   6.9859511e-01
   6.4667656e-01
   6.9731311e-01
   7.4957692e-01
   7.4489822e-01
   7.1988937e-01
   7.8044071e-01
   7.6077853e-01
   7.4436194e-01
   8.3708883e-01
   5.9830058e-01
   8.5542084e-01
   7.5103677e-01
   7.6156235e-01
   7.8261869e-01
   7.5193109e-01
   7.6339947e-01
   7.2319026e-01
   7.4714909e-01
   7.6652790e-01
   7.0521366e-01
   7.6651385e-01
   7.2035120e-01
   7.4372192e-01
   8.0661574e-01
   6.6928477e-01
   7.3030810e-01
   7.5534919e-01
   8.0172333e-01
   7.5823328e-01
   7.6890049e-01
   7.0755615e-01
   5.3493088e-01
   8.2949900e-01
   7.2590127e-01
   8.3369917e-01
   7.3678820e-01
   7.5980361e-01
   7.9234417e-01
   6.3771422e-01
   7.7021275e-01
   6.6207270e-01
   7.6566622e-01
   7.8811149e-01
   7.3036524e-01
   8.1000825e-01
   6.4337694e-01
   6.1588376e-01
   8.5221919e-01
   7.3819481e-01
   8.2241556e-01
   8.0771997e-01
   6.0232602e-01
   6.7978219e-01
   7.8980542e-01
   8.0431436e-01
   8.6310689e-01
   7.9909595e-01
   5.3642819e-01
   7.5026672e-01
   7.1623355e-01
   8.2982111e-01
   6.7057195e-01
   7.9525542e-01
   8.6692963e-01
   7.3027245e-01
   7.0265467e-01
   7.9179099e-01
   6.7711611e-01
   7.3987415e-01
   8.1723410e-01
   7.5074578e-01
   6.7300257e-01
   8.1987507e-01
   7.3969288e-01
   8.1455426e-01
   8.5244914e-01
   8.1373380e-01
   7.3246951e-01
   7.7890912e-01
   7.2657885e-01
   8.2356833e-01
   7.8549744e-01
   7.9879817e-01
   8.4862813e-01
   7.4687754e-01
   7.9779570e-01
   7.0621902e-01
   8.3101951e-01
   8.3512423e-01
   6.6606109e-01
   7.4203002e-01
   8.5112092e-01
   7.8736973e-01
   6.7612609e-01
   8.2195664e-01
   7.7862938e-01
   7.8789243e-01
   8.0451817e-01
   8.0173413e-01
   7.2852640e-01
   8.6649099e-01
   7.2350503e-01
   8.5437749e-01
   6.6020783e-01
   7.8199526e-01
   7.4058122e-01
   7.0437276e-01
   7.0102957e-01
   7.3792517e-01
   7.4558842e-01
   7.2561017e-01
   7.7190098e-01
   7.7381412e-01
   7.1950605e-01
   8.4164026e-01
   7.5300067e-01
   8.2533206e-01
   7.9259308e-01
   7.5173656e-01
   7.8545563e-01
   8.7453881e-01
   8.3462165e-01
   8.2290114e-01
   7.6393789e-01
   7.2073226e-01
   8.2202585e-01
   7.6203035e-01
   8.0892364e-01
   7.8540653e-01
   7.5843849e-01
   8.2894020e-01
   8.1213926e-01
   8.3143977e-01
   8.1569114e-01
   7.0475102e-01
   7.4374500e-01
   7.5866076e-01
   8.4224523e-01
   8.1573116e-01
   7.7057061e-01
   7.4047715e-01
   7.6024743e-01
   7.7551141e-01
   7.4607770e-01
   8.3246767e-01
   8.0811189e-01
   7.2333376e-01
   7.3942440e-01
   7.5612022e-01
   7.7246610e-01
   7.9719769e-01
   7.3460547e-01
   8.2134917e-01
   7.8112949e-01
   7.1869329e-01
   7.4795396e-01
   7.1669761e-01
   8.0210881e-01
   8.2517159e-01
   6.6133814e-01
   7.2097816e-01
   7.8667299e-01
   7.1447621e-01
   8.1365661e-01
   8.4569669e-01
   8.7523653e-01
   8.3976551e-01
   7.7733234e-01
   7.7320340e-01
   7.3458105e-01
   7.1760214e-01
   7.3886153e-01
   8.2344843e-01
   7.4099099e-01
   7.9813518e-01
   8.2743895e-01
   8.5026257e-01
   7.6797295e-01
   7.0412969e-01
   7.8365238e-01
   8.8709948e-01
   8.7950487e-01
   7.5535326e-01
   7.4064342e-01
   8.1002318e-01
   8.0132437e-01
   8.2062228e-01
   7.7018038e-01
   7.6994608e-01
   7.6198175e-01
   8.4549103e-01
   7.3385653e-01
   6.9701468e-01
   6.9693338e-01
   8.2035699e-01
   7.2437868e-01
   7.9127266e-01
   8.3784195e-01
   8.6030796e-01
   7.5946525e-01
   7.1046596e-01
   7.0190995e-01
   8.3962096e-01
   8.2851078e-01
   8.0779977e-01
   7.5651806e-01
   8.5693930e-01
   8.3563204e-01
   8.4765972e-01
   7.6231117e-01
   8.0274090e-01
   7.2638114e-01
   8.5455796e-01
   8.1609546e-01
   7.4884664e-01
   6.2177267e-01
   7.2777326e-01
   7.4092246e-01
   7.7357902e-01
   7.9933707e-01
   8.2508460e-01
   8.5358429e-01
   8.0400010e-01
   8.4284525e-01
   7.8363526e-01
   7.4648673e-01
   7.9345154e-01
   7.3383122e-01
   8.1426536e-01
   7.7033215e-01
   8.3735162e-01
   5.7958785e-01
   7.5241116e-01
   8.4104853e-01
   8.3532503e-01
   7.0784737e-01
   7.1411366e-01
   7.2162555e-01
   8.2247858e-01
   7.2976310e-01
   8.3757918e-01
   7.8548898e-01
   8.2430730e-01
   7.8669673e-01
   6.4588399e-01
   7.1336975e-01
   7.6538163e-01
   7.4111670e-01
   8.4372961e-01
   8.2298377e-01
   7.9233774e-01
   8.6575987e-01
   8.1281346e-01
   7.2150522e-01
   7.5766201e-01
   7.2294915e-01
   8.5872638e-01
   8.3247825e-01
   6.9626812e-01
   7.0420456e-01
   8.3063467e-01
   7.6573940e-01
   8.3088691e-01
   8.2287668e-01
   7.8582997e-01
   8.1024183e-01
   8.5009933e-01
   7.7744737e-01
   8.4637075e-01
   7.4906799e-01
   6.5173867e-01
   8.3902455e-01
   8.5649106e-01
   7.3131555e-01
   8.5218894e-01
   8.3323001e-01
   8.3697959e-01
   7.4608844e-01
   7.5740428e-01
   7.4589708e-01
   7.1504934e-01
   8.6614445e-01
   8.2299539e-01
   7.2843336e-01
   7.7018038e-01
   6.4811487e-01
   6.9361793e-01
   6.6142416e-01
   8.3305914e-01
   8.3829399e-01
   8.4236624e-01
   8.6266221e-01
   7.6253304e-01
   8.5191625e-01
   7.3413577e-01
   8.2496923e-01
   7.5560870e-01
   7.6929904e-01
   8.0849642e-01
   7.8068424e-01
   8.5025355e-01
   8.1344533e-01
   7.3678791e-01
   8.2639838e-01
   8.1985767e-01
   8.4227732e-01
   7.8215685e-01
   7.6098448e-01
   8.4343084e-01
   6.3608945e-01
   7.6140542e-01
   6.7079810e-01
   8.0114627e-01
   7.0241419e-01
   7.6718428e-01
   7.7358818e-01
   7.6018819e-01
   7.9878149e-01
   6.9367895e-01
   7.4047080e-01
   7.8334756e-01
   8.7111994e-01
   7.7187355e-01
   8.4811657e-01
   8.1192355e-01
   7.6538053e-01
   7.7678826e-01
   8.7584529e-01
   7.8575873e-01
   8.4553955e-01
   8.2717309e-01
   6.6314398e-01
   7.9505071e-01
   7.2354484e-01
   8.1440547e-01
   8.5083224e-01
   7.5617826e-01
   7.8189690e-01
   7.3417218e-01
   7.1433845e-01
   8.0789377e-01
   8.5044814e-01
   7.8835866e-01
   8.4289404e-01
   8.8208145e-01
   7.7447896e-01
   7.1114907e-01
   8.4959828e-01
   7.7319299e-01
   7.5721262e-01
   8.4115459e-01
   7.9468056e-01
   6.6768108e-01
   7.9345180e-01
   8.0973865e-01
   6.5952123e-01
   7.8517940e-01
   8.3003376e-01
   7.9221258e-01
   8.3395697e-01
   8.2473244e-01
   8.5686000e-01
   6.9016147e-01
   8.1148384e-01
   8.1069088e-01
   8.1546613e-01
   8.2925942e-01
   8.2575871e-01
   8.3706740e-01
   7.9708172e-01
   7.8185912e-01
   7.8788462e-01
   8.4036494e-01
   8.2036352e-01
   8.2700696e-01
   8.1898083e-01
   8.2380576e-01
   8.1881794e-01
   7.4602247e-01
   7.2111726e-01
   7.9081062e-01
   8.1745628e-01
   7.8637123e-01
   8.0072196e-01
   8.6541625e-01
   8.0775381e-01
   8.6494179e-01
   7.2914697e-01
   6.1813308e-01
   8.7118276e-01
   7.5335535e-01
   8.2907739e-01
   8.6110370e-01
   8.3177769e-01
   8.9160641e-01
   7.4446108e-01
   8.5828776e-01
   7.9021616e-01
   7.7079303e-01
   7.6474017e-01
   8.0033972e-01
   8.4009535e-01
   7.7510707e-01
   8.0223317e-01
   7.9758545e-01
   6.9469255e-01
   7.0425061e-01
   8.3328908e-01
   8.1837880e-01
   8.5401351e-01
   6.9499042e-01
   7.6179268e-01
   9.0360936e-01
   7.8975172e-01
   8.8199625e-01
   8.2130680e-01
   7.6006124e-01
   7.5042912e-01
   7.3801236e-01
   8.3336617e-01
   8.2030273e-01
   7.7891350e-01
   8.1654728e-01
   7.1839207e-01
   6.9340963e-01
   7.7806277e-01
   8.7995579e-01
   8.8132771e-01
   7.8956701e-01
   7.8801696e-01
   7.3907036e-01
   8.2145399e-01
   8.2241561e-01
   8.5681632e-01
   8.2507235e-01
   8.6578858e-01
   8.5688723e-01
   7.4526782e-01
   8.1536231e-01
   7.0306030e-01
   6.4144306e-01
   8.7083070e-01
   7.2348348e-01
   8.4007759e-01
   8.2907024e-01
   8.9702577e-01
   8.7221814e-01
   8.2545560e-01
   8.4660270e-01
   8.4727923e-01
   7.8411569e-01
   8.5131298e-01
   8.4383448e-01
   8.5295371e-01
   8.1407911e-01
   8.1413621e-01
   8.5530465e-01
   7.5578500e-01
   7.9819664e-01
   8.2297910e-01
   8.7160724e-01
   8.1990074e-01
   7.9902240e-01
   7.5529128e-01
   7.3717789e-01
   7.2219695e-01
   8.6223271e-01
   8.1895070e-01
   7.7001117e-01
   8.4715393e-01
   8.2026797e-01
   7.4177840e-01
   7.4814593e-01
   7.4210894e-01
   8.4905734e-01
   7.6888242e-01
   7.8600467e-01
   6.8031286e-01
   8.0508920e-01
   7.4359485e-01
   7.2533444e-01
   8.5165097e-01
   7.0036596e-01
   9.1467759e-01
   8.2410652e-01
   7.5134300e-01
   7.9290343e-01
   8.4779807e-01
   8.3717690e-01
   8.5908569e-01
   8.1934793e-01
   7.2449717e-01
   7.4022368e-01
   7.8381311e-01
   7.9515068e-01
   8.3234361e-01
   8.3162496e-01
   8.5068093e-01
   7.8835866e-01
   7.8257383e-01
   7.4329493e-01
   7.6062992e-01
   7.4349700e-01
   8.2346051e-01
   8.2670575e-01
   7.8455964e-01
   8.0388153e-01
   8.6048435e-01
   8.4653401e-01
   7.9143599e-01
   7.7050578e-01
   7.1762912e-01
   6.8340844e-01
   8.8765168e-01
   8.1870915e-01
   8.3459568e-01
   7.2696500e-01
   7.6452252e-01
   6.5539011e-01
   7.6519933e-01
   8.1624533e-01
   8.1746132e-01
   8.1879929e-01
   8.3456689e-01
   8.4215356e-01
   7.1433748e-01
   7.5481143e-01
   7.5064569e-01
   8.4930191e-01
   8.0270179e-01
   7.7445829e-01
   8.5777675e-01
   8.2339543e-01
   6.5469105e-01
   8.3044542e-01
   7.7943223e-01
   8.1689947e-01
   8.4783668e-01
   8.5369208e-01
   7.2241893e-01
   7.0649805e-01
   7.2402051e-01
   8.3298235e-01
   7.3020805e-01
   8.7205707e-01
   7.3838710e-01
   7.5134990e-01
   8.2542779e-01
   7.3516709e-01
   8.5049141e-01
   8.2639983e-01
   8.5020659e-01
   7.1155250e-01
   7.8382457e-01
   8.3573785e-01
   7.2412790e-01
   6.9835010e-01
   8.2948825e-01
   9.0337310e-01
   8.2873298e-01
   8.4112477e-01
   8.5351471e-01
   7.5188617e-01
   8.1559450e-01
   7.4420017e-01
   6.9609675e-01
   7.1954368e-01
   8.0298401e-01
   8.3298401e-01
   8.1377839e-01
   7.6271809e-01
   8.6218473e-01
   8.4962158e-01
   7.8261225e-01
   6.8828743e-01
   8.3683389e-01
   7.0736698e-01
   6.9517832e-01
   7.8637357e-01
   7.0601580e-01
   7.5372625e-01
   7.5030481e-01
   7.3718647e-01
   7.4389237e-01
   7.9564224e-01
   7.7620062e-01
   7.7065899e-01
   8.4263209e-01
   8.0644568e-01
   8.1474788e-01
   8.4409787e-01
   7.2609769e-01
   7.4936289e-01
   8.7080295e-01
   8.0467290e-01
   8.3125687e-01
   7.6900057e-01
   8.2366184e-01
   7.6507267e-01
   7.7368227e-01
   7.1337606e-01
   7.4901663e-01
   8.2385368e-01
   8.2773048e-01
   7.9483443e-01
   7.7346685e-01
   8.4693356e-01
   7.9615681e-01
   8.0318616e-01
   6.9973818e-01
   8.9637947e-01
   7.8633880e-01
   7.1070251e-01
   6.9496024e-01
   6.8163989e-01
   8.7415159e-01
   8.4390200e-01
   8.1796098e-01
   7.4649438e-01
   6.6985125e-01
   8.6165204e-01
   8.6322889e-01
   7.7405253e-01
   8.5793601e-01
   6.7138411e-01
   8.1044205e-01
   8.5158681e-01
   7.3533394e-01
   6.9117081e-01
   8.1066958e-01
   8.5947799e-01
   7.6809907e-01
   8.2131897e-01
   8.8545724e-01
   8.8752500e-01
   8.5848418e-01
   8.4084565e-01
   9.0447033e-01
   8.5427210e-01
   8.3764577e-01
   8.2724826e-01
   8.9126190e-01
   8.3865363e-01
   8.7566198e-01
   8.8007307e-01
   8.0385929e-01
   7.6362309e-01
   8.1130936e-01
   7.1414914e-01
   7.3344374e-01
   6.5923165e-01
   7.9337159e-01
   8.1475219e-01
   8.3695547e-01
   8.4513256e-01
   8.1383962e-01
   6.6567697e-01
   8.3406206e-01
   8.9703972e-01
   8.7588351e-01
   8.3637985e-01
   7.8248316e-01
   7.3204361e-01
   7.8779524e-01
   8.0796533e-01
   8.2091181e-01
   8.2988040e-01
   8.6649835e-01
   8.3841536e-01
   7.2067130e-01
   8.0465781e-01
   8.1331156e-01
   7.9942835e-01
   8.3025407e-01
   8.0866194e-01
   8.0556795e-01
   8.6648749e-01
   8.4403864e-01
   8.4142556e-01
   7.6352704e-01
   8.8718334e-01
   8.5607341e-01
   7.7433740e-01
   8.8743181e-01
   7.7187658e-01
   7.7750056e-01
   8.8644954e-01
   9.2289852e-01
   8.5303035e-01
   8.9471969e-01
   7.9350254e-01
   8.7301277e-01
   8.2545255e-01
   8.4537810e-01
   8.1384333e-01
   7.7294516e-01
   7.4641752e-01
   7.5254500e-01
   8.3435627e-01
   8.2655936e-01
   8.9226885e-01
   8.8921804e-01
   8.1746527e-01
   9.0257056e-01
   8.4306866e-01
   8.4688206e-01
   7.7230666e-01
   8.4021801e-01
   8.7664410e-01
   7.8377298e-01
   7.9675296e-01
   8.4523461e-01
   8.4304795e-01
   7.7487204e-01
   7.1574282e-01
   7.9269510e-01
   7.6499789e-01
   7.6223002e-01
   8.5471485e-01
   7.8529019e-01
   8.3000263e-01
   8.4763705e-01
   8.0059355e-01
   8.4351877e-01
   7.4749960e-01
   8.5901640e-01
   8.7036761e-01
   8.2058633e-01
   8.4650856e-01
   7.9237213e-01
   7.9221936e-01
   8.9505547e-01
   8.7969481e-01
   8.5236586e-01
   8.2506618e-01
   8.8490541e-01
   7.1383752e-01
   8.1829365e-01
   8.7116775e-01
   7.6539759e-01
   8.1420343e-01
   7.5928230e-01
   8.1504526e-01
   8.1735527e-01
   8.0410531e-01
   7.9983198e-01
   7.8137649e-01
   8.2414755e-01
   8.9063801e-01
   9.0464068e-01
   8.5151322e-01
   8.8194899e-01
   7.5201329e-01
   8.3716405e-01
   8.3274702e-01
   8.9718385e-01
   8.9276162e-01
   8.9832443e-01
   8.8687680e-01
   7.6401001e-01
   8.7619429e-01
   8.7784224e-01
   8.3520682e-01
   8.1464212e-01
   7.7705813e-01
   8.6373754e-01
   8.8540378e-01
   8.2615204e-01
   8.5911783e-01
   7.9867045e-01
   7.6528265e-01
   8.1067981e-01
   8.2426618e-01
   8.5760820e-01
   7.9553603e-01
   8.1959612e-01
   8.9723923e-01
   8.3609199e-01
   7.2676239e-01
   7.2112016e-01
   8.5855709e-01
   9.0427874e-01
   8.0718731e-01
   7.7271552e-01
   7.8775886e-01
   8.5907808e-01
   8.1210412e-01
   7.7369731e-01
   8.0444634e-01
   8.8304841e-01
   9.0143674e-01
   8.0005780e-01
   7.4096791e-01
   8.6359469e-01
   7.9410506e-01
   8.6631674e-01
   8.0507193e-01
   8.3326642e-01
   8.0317627e-01
   7.4130385e-01
   8.2926692e-01
   8.8340857e-01
   8.2117161e-01
   8.4379641e-01
   7.9152295e-01
   7.9840445e-01
   8.7894189e-01
   7.0332796e-01
   9.1161244e-01
   8.5760522e-01
   8.6202647e-01
   7.9901825e-01
   8.1928692e-01
   7.7446311e-01
   7.8035935e-01
   7.8329399e-01
   8.5987969e-01
   8.6222927e-01
   8.3132613e-01
   8.1856173e-01
   7.8610138e-01
   8.1221441e-01
   7.6251206e-01
   8.4596734e-01
   7.5744799e-01
   8.5758311e-01
   8.2596292e-01
   8.4116790e-01
   8.2517212e-01
   8.6059390e-01
   7.6237514e-01
   8.2382512e-01
   7.6333738e-01
   8.8286862e-01
   7.8712481e-01
   8.4765984e-01
   7.6934184e-01
   7.9492939e-01
   7.9691731e-01
   8.2700231e-01
   8.0563859e-01
   8.1847333e-01
   9.1046685e-01
   7.9981788e-01
   7.9264021e-01
   8.2287404e-01
   8.5984005e-01
   8.5328670e-01
   7.8350098e-01
   7.9328841e-01
   9.0489733e-01
   8.3025407e-01
   7.8821690e-01
   8.3005149e-01
   8.3448566e-01
   7.1335277e-01
   8.8470372e-01
   6.6879681e-01
   6.9064969e-01
   8.0150661e-01
   7.3774702e-01
   7.9298687e-01
   8.7661109e-01
   8.4293761e-01
   8.2277167e-01
   8.5433088e-01
   8.1357891e-01
   8.5561836e-01
   8.4089077e-01
   7.6405470e-01
   8.5096868e-01
   8.4152434e-01
   7.9212998e-01
   7.7549251e-01
   8.0312733e-01
   8.1123697e-01
   8.5121259e-01
   7.9609149e-01
   9.1011423e-01
   8.6124241e-01
   8.5250040e-01
   7.8486004e-01
   7.3092045e-01
   8.8684581e-01
   8.7106279e-01
   8.8020930e-01
   7.6456314e-01
   8.1202500e-01
   8.7858826e-01
   8.3646649e-01
   7.4665297e-01
   7.3873066e-01
   7.8278229e-01
   8.1125344e-01
   8.7571564e-01
   9.0086922e-01
   8.2732517e-01
   8.8203242e-01
   8.4113741e-01
   8.5395261e-01
   8.5517540e-01
   9.0180388e-01
   8.3459579e-01
   8.4665438e-01
   7.3711664e-01
   7.5875079e-01
   8.3420204e-01
   8.5792566e-01
   8.9407462e-01
   8.5628167e-01
   8.1128247e-01
   7.9156070e-01
   7.8989667e-01
   8.6473368e-01
   7.7423000e-01
   8.5077323e-01
   8.7723778e-01
   8.3551315e-01
   7.7121368e-01
   8.6173767e-01
   8.7705250e-01
   8.4208138e-01
   8.1665594e-01
   8.6292581e-01
   8.5608447e-01
   6.9903889e-01
   8.1376704e-01
   8.3592158e-01
   7.5175040e-01
   8.6046048e-01
   8.2525150e-01
   8.1675236e-01
   7.3807681e-01
   8.5332160e-01
   7.9718742e-01
   8.9928603e-01
   8.5625948e-01
   7.9615899e-01
   8.2150787e-01
   7.8710360e-01
   8.4446863e-01
   7.6678764e-01
   8.2069296e-01
   8.1413882e-01
   8.6707775e-01
   7.6746480e-01
   8.7187032e-01
   8.3663221e-01
   7.2987538e-01
   8.1420960e-01
   7.8316568e-01
   8.8234872e-01
   8.5543025e-01
   8.0577123e-01
   8.4293761e-01
   8.8524787e-01
   8.9179893e-01
   7.6450040e-01
   8.6868839e-01
   8.7676773e-01
   7.9688278e-01
   8.3603928e-01
   7.9197364e-01
   8.1480648e-01
   8.7512052e-01
   8.5277679e-01
   8.2049547e-01
   8.7786809e-01
   7.3732935e-01
   7.8842992e-01
   8.6240969e-01
   8.2897404e-01
   8.3352984e-01
   7.6494074e-01
   6.9462391e-01
   7.8842992e-01
   8.9101410e-01
   8.2560438e-01
   7.7824508e-01
   8.0395173e-01
   8.5814365e-01
   7.4708517e-01
   6.8675809e-01
   8.6785043e-01
   7.4170364e-01
   8.8346866e-01
   8.9338549e-01
   7.1616117e-01
   7.7179722e-01
   8.8172057e-01
   8.1074588e-01
   9.5978609e-01
   7.0309659e-01
   7.6340255e-01
   7.2928002e-01
   8.6284364e-01
   8.1534892e-01
   8.2540079e-01
   8.2188770e-01
   8.2109952e-01
   8.3183311e-01
   7.5046806e-01
   8.1351908e-01
   7.3511198e-01
   8.4022474e-01
   8.2966796e-01
   8.5350203e-01
   8.2497486e-01
   8.0802874e-01
   8.8046608e-01
   8.3443465e-01
   8.6987010e-01
   7.8237328e-01
   7.7851621e-01
   8.4326208e-01
   7.2417917e-01
   7.9252041e-01
   7.7297465e-01
   8.5776124e-01
   8.3126562e-01
   8.3123564e-01
   8.1055511e-01
   7.4855841e-01
   7.1054625e-01
   7.5181849e-01
   8.1848980e-01
   8.9363444e-01
   8.3713179e-01
   8.6194538e-01
   8.7123267e-01
   8.6443568e-01
   6.8559604e-01
   6.4526324e-01
   8.1387591e-01
   7.2685958e-01
   6.5454541e-01
   9.1439930e-01
   8.5875740e-01
   8.3661685e-01
   8.3290077e-01
   7.7958273e-01
   6.8878879e-01
   8.9326731e-01
   7.5706312e-01
   8.2151514e-01
   7.1126616e-01
   8.0111936e-01
   6.9083817e-01
   8.8338195e-01
   9.0379366e-01
   7.1880148e-01
   8.6828139e-01
   8.3253066e-01
   8.0948951e-01
   7.5936907e-01
   8.0295145e-01
   8.4517842e-01
   8.3625230e-01
   8.3142545e-01
   8.6126064e-01
   7.9904247e-01
   9.1542003e-01
   7.4844887e-01
   8.8541705e-01
   7.9338274e-01
   8.9262816e-01
   9.0021885e-01
   8.5399777e-01
   8.6598769e-01
   8.4285215e-01
   8.6124889e-01
   8.6534392e-01
   8.6579151e-01
   8.4727620e-01
   7.9902254e-01
   8.8457032e-01
   8.7724397e-01
   8.9156555e-01
   8.5019556e-01
   8.2836670e-01
   7.5006851e-01
   9.3434616e-01
   8.7353052e-01
   8.2550547e-01
   8.0160273e-01
   8.5580414e-01
   8.3012709e-01
   7.5223798e-01
   8.3310108e-01
   9.0952221e-01
   7.6350839e-01
   7.4832840e-01
   8.8160491e-01
   9.1692239e-01
   8.7127809e-01
   8.0311286e-01
   8.0644980e-01
   7.6035768e-01
   8.9654407e-01
   8.7071388e-01
   9.0335904e-01
   8.1925519e-01
   8.2454253e-01
   8.5718647e-01
   8.6126064e-01
   8.8413681e-01
   8.7597856e-01
   9.0472192e-01
   8.6962087e-01
   8.5135981e-01
   8.7684090e-01
   8.6920947e-01
   8.9838465e-01
   8.4794895e-01
   8.9668530e-01
   8.7053248e-01
   7.0390823e-01
   8.2328784e-01
   8.4607423e-01
   8.4035896e-01
   8.3539224e-01
   9.0115773e-01
   8.8860919e-01
   8.9048126e-01
   9.1606405e-01
   8.0078747e-01
   7.9340161e-01
   8.7325145e-01
   8.4995445e-01
   8.1135226e-01
   8.3237701e-01
   8.4078252e-01
   8.6652835e-01
   8.4813065e-01
   8.8313610e-01
   8.6403255e-01
   8.4029977e-01
   8.1520020e-01
   8.7315902e-01
   8.9696273e-01
   8.4077616e-01
   7.8528497e-01
   8.1200356e-01
   8.5698667e-01
   8.4377298e-01
   8.2724523e-01
   8.4541192e-01
   7.4844872e-01
   8.8004536e-01
   7.5188679e-01
   9.1219082e-01
   8.6760419e-01
   6.9992757e-01
   8.8809866e-01
   8.4835150e-01
   8.5565329e-01
   9.1119293e-01
   8.9797059e-01
   8.1612667e-01
   8.5443336e-01
   8.7089342e-01
   8.5607558e-01
   8.5393920e-01
   8.0105913e-01
   8.7943952e-01
   8.6495794e-01
   9.0613113e-01
   7.2944227e-01
   7.4743568e-01
   8.8753379e-01
   8.5019171e-01
   8.2570341e-01
   8.7291067e-01
   8.7085314e-01
   8.4542886e-01
   8.5855851e-01
   9.0092083e-01
   8.9489776e-01
   8.4210207e-01
   8.7669661e-01
   8.7520623e-01
   7.6596288e-01
   8.6532746e-01
   8.2645952e-01
   8.7171672e-01
   7.9438425e-01
   8.6351354e-01
   8.8113444e-01
   7.3634237e-01
   8.6053679e-01
   8.5439941e-01
   8.1753821e-01
   9.0297258e-01
   8.1373536e-01
   8.2988402e-01
   9.0098834e-01
   8.2086146e-01
   9.1412408e-01
   7.8586054e-01
   8.7571928e-01
   7.9971260e-01
   7.8158709e-01
   8.5195328e-01
   8.6194582e-01
   6.4964515e-01
   8.4288188e-01
   8.5112950e-01
   8.3289837e-01
   7.7640706e-01
   7.7631787e-01
   8.5934685e-01
   8.8368718e-01
   8.7507530e-01
   9.0512460e-01
   8.4083558e-01
   6.9678590e-01
   8.1567127e-01
   8.3783428e-01
   8.4843661e-01
   8.2251679e-01
   8.4523681e-01
   8.4364184e-01
   8.4237232e-01
   8.0921923e-01
   8.6546241e-01
   8.2861179e-01
   8.4080543e-01
   8.6795553e-01
   9.0429733e-01
   8.6398152e-01
   8.3942893e-01
   8.8887507e-01
   7.8446053e-01
   8.6599239e-01
   8.3899521e-01
   8.8930676e-01
   7.4601759e-01
   8.8073043e-01
   7.7704181e-01
   8.4610498e-01
   7.8104897e-01
   8.7007195e-01
   8.9251105e-01
   6.9600361e-01
   7.9042702e-01
   8.3218063e-01
   8.5897291e-01
   8.2337812e-01
   8.1985906e-01
   9.0014555e-01
   8.1868864e-01
   8.1485643e-01
   9.0374528e-01
   8.2732193e-01
   8.1321204e-01
   8.7264231e-01
   8.6192837e-01
   8.5713823e-01
   8.3687760e-01
   8.4688450e-01
   8.6447674e-01
   8.5706936e-01
   8.1828080e-01
   8.3591171e-01
   8.7497569e-01
   8.8359144e-01
   7.6678286e-01
   8.4533708e-01
   8.6953146e-01
   8.9300496e-01
   8.0222571e-01
   8.2568753e-01
   8.3998813e-01
   7.8902510e-01
   8.3412015e-01
   8.3181356e-01
   7.8811793e-01
   8.7899683e-01
   8.4611443e-01
   8.2171120e-01
   8.7452986e-01
   8.8312941e-01
   7.8289991e-01
   8.7342922e-01
   8.4407732e-01
   9.1370201e-01
   8.5927325e-01
   8.6213795e-01
   6.5039384e-01
   7.5009443e-01
   7.1262964e-01
   8.5958639e-01
   8.2701216e-01
   8.4427503e-01
   8.0893691e-01
   9.1161961e-01
   8.1654696e-01
   8.6268625e-01
   8.2389331e-01
   7.6633243e-01
   9.1070318e-01
   8.9706122e-01
   7.4707060e-01
   7.6728565e-01
   8.1070826e-01
   8.3939177e-01
   8.2837907e-01
   7.8573567e-01
   8.4513232e-01
   6.7190979e-01
   8.0591896e-01
   8.8198044e-01
   8.3352399e-01
   9.0128698e-01
   7.9504921e-01
   8.5436078e-01
   8.1304844e-01
   7.8352593e-01
   8.8474854e-01
   8.4618237e-01
   8.3979462e-01
   8.0585867e-01
   8.6416117e-01
   8.8814569e-01
   7.6611224e-01
   8.3938567e-01
   7.5165334e-01
   7.7354356e-01
   8.6340211e-01
   8.1238805e-01
   8.3333473e-01
   8.0952841e-01
   7.6370382e-01
   7.6662735e-01
   7.7988903e-01
   8.6472350e-01
   8.6040147e-01
   8.2887995e-01
   7.6643946e-01
   8.3832076e-01
   8.2989434e-01
   8.6538793e-01
   9.1141754e-01
   8.6189179e-01
   8.0369951e-01
   8.4541192e-01
   8.5830451e-01
   9.1634618e-01
   7.6904238e-01
   8.8426120e-01
   8.9996564e-01
   8.2346076e-01
   8.2368189e-01
   8.5371726e-01
   8.3532768e-01
   8.8454626e-01
   8.1999638e-01
   7.6722129e-01
   8.7086239e-01
   7.6860598e-01
   8.8999532e-01
   7.3374441e-01
   7.7557823e-01
   8.7472490e-01
   8.3601924e-01
   8.4097816e-01
   8.7156140e-01
   8.7054282e-01
   8.3656674e-01
   7.8472557e-01
   7.3945673e-01
   8.7169763e-01
   8.2385422e-01
   7.5810614e-01
   7.0209126e-01
   9.3513021e-01
   8.5942160e-01
   8.6373571e-01
   8.5160820e-01
   8.2479678e-01
   8.5610999e-01
   7.7443765e-01
   8.4823658e-01
   8.5631140e-01
   7.4593711e-01
   8.8948186e-01
   7.7392169e-01
   8.9223393e-01
   7.9069964e-01
   8.3683327e-01
   7.0107909e-01
   8.2071257e-01
   8.7460310e-01
   8.8988650e-01
   7.4033193e-01
   8.1643437e-01
   8.6972821e-01
   9.0900108e-01
   8.4784051e-01
   8.6774614e-01
   8.4044446e-01
   7.0852150e-01
   7.7266788e-01
   8.6870943e-01
   9.0924287e-01
   7.8362119e-01
   8.4883366e-01
   8.5579288e-01
   8.0403087e-01
   8.4853513e-01
   8.3579788e-01
   8.8353056e-01
   9.0107675e-01
   8.6685505e-01
   8.5875146e-01
   8.1235406e-01
   7.8183826e-01
   7.6870679e-01
   8.5325020e-01
   8.7956605e-01
   8.8467222e-01
   8.4285218e-01
   8.4421000e-01
   9.0643825e-01
   8.8758398e-01
   9.0215945e-01
   8.7572073e-01
   7.9532881e-01
   7.4537622e-01
   8.3987064e-01
   8.9993304e-01
   8.8192284e-01
   8.4158384e-01
   7.3865950e-01
   8.4633187e-01
   8.3275703e-01
   7.4391391e-01
   8.5621347e-01
   8.6426701e-01
   8.3434956e-01
   7.6864882e-01
   8.5159135e-01
   8.6452963e-01
   8.6416912e-01
   8.3465568e-01
   8.0380589e-01
   9.0148138e-01
   7.5369245e-01
   8.5718429e-01
   8.1694564e-01
   7.9817053e-01
   7.1153095e-01
   7.8764194e-01
   8.3281218e-01
   8.4669568e-01
   8.5212790e-01
   7.8869959e-01
   8.4055052e-01
   8.1639087e-01
   8.5804880e-01
   8.1784595e-01
   9.1403322e-01
   8.2349937e-01
   8.0718766e-01
   7.2319205e-01
   8.4694054e-01
   8.6584632e-01
   8.9505682e-01
   7.3532364e-01
   8.2764838e-01
   7.6351873e-01
   8.7809304e-01
   8.6458357e-01
   7.6568220e-01
   8.3139027e-01
   7.3013425e-01
   7.4619138e-01
   8.4666545e-01
   9.0221552e-01
   8.3727011e-01
   8.8846321e-01
   8.0333461e-01
   8.8198010e-01
   7.6754115e-01
   7.5053341e-01
   8.2307995e-01
   8.4813548e-01
   8.2065823e-01
   8.5448196e-01
   9.0134038e-01
   8.8838581e-01
   8.5721846e-01
   8.3108173e-01
   7.6864882e-01
   8.4026232e-01
   7.6232317e-01
   8.4438263e-01
   7.8491031e-01
   7.7559310e-01
   8.3411858e-01
   7.3173060e-01
   9.0631671e-01
   8.4394799e-01
   7.2095932e-01
   9.1446541e-01
   8.2922542e-01
   7.8608483e-01
   8.4777589e-01
   8.6260484e-01
   7.7203395e-01
   8.2874366e-01
   7.3595463e-01
   8.7403715e-01
   8.5072534e-01
   8.8049091e-01
   8.1286326e-01
   8.1865157e-01
   8.5328788e-01
   9.3018758e-01
   7.9007535e-01
   8.3357468e-01
   7.6927675e-01
   8.7679507e-01
   8.6033512e-01
   8.8154844e-01
   8.3532160e-01
   8.7378767e-01
   8.0590130e-01
   9.2372977e-01
   9.2089901e-01
   8.5757941e-01
   8.2146569e-01
   9.0065750e-01
   7.7729613e-01
   9.1937681e-01
   8.6445760e-01
   8.3781116e-01
   8.0404287e-01
   8.6969519e-01
   7.8843580e-01
   8.2158625e-01
   8.6417527e-01
   9.4213299e-01
   9.1467326e-01
   8.1446096e-01
   9.1459037e-01
   9.1971461e-01
   7.6295482e-01
   8.7284259e-01
   8.1046863e-01
   7.6322833e-01
   8.1154457e-01
   8.7922586e-01
   9.2475664e-01
   8.3549213e-01
   8.3408517e-01
   8.3205238e-01
   8.8178349e-01
   8.8181210e-01
   8.6663343e-01
   8.3950034e-01
   7.9031689e-01
   8.6346874e-01
   8.2431574e-01
   8.6812346e-01
   8.3828200e-01
   8.6929224e-01
   8.5410742e-01
   8.7173016e-01
   8.9897824e-01
   8.4624924e-01
   8.7433302e-01
   8.8228629e-01
   8.9455869e-01
   8.6986817e-01
   8.5968179e-01
   7.6454524e-01
   8.8685389e-01
   8.4094306e-01
   8.8461418e-01
   8.1364036e-01
   8.9326703e-01
   8.8428793e-01
   8.5413708e-01
   8.0854223e-01
   8.7143462e-01
   7.9543326e-01
   8.4573290e-01
   8.4020647e-01
   8.3267967e-01
   8.8401709e-01
   8.8854944e-01
   9.0492730e-01
   8.7339019e-01
   8.2723776e-01
   9.1893676e-01
   7.4758260e-01
   8.2891236e-01
   9.0493461e-01
   8.3770557e-01
   8.6525999e-01
   7.5206428e-01
   8.6985950e-01
   8.6954582e-01
   8.6710387e-01
   7.8554529e-01
   8.5939647e-01
   8.8232430e-01
   7.9786729e-01
   8.3547215e-01
   8.6906155e-01
   9.0583356e-01
   8.6914850e-01
   8.7295411e-01
   7.8457090e-01
   7.1738256e-01
   9.0270238e-01
   8.7379374e-01
   8.2874650e-01
   7.5238068e-01
   9.1344295e-01
   8.4816091e-01
   8.8117351e-01
   8.5607746e-01
   8.8606574e-01
   8.6439474e-01
   8.9363387e-01
   7.6674578e-01
   9.1426026e-01
   8.6714819e-01
   7.4493958e-01
   8.7208936e-01
   7.6247837e-01
   8.3651277e-01
   8.3826218e-01
   7.6729924e-01
   8.4465491e-01
   8.8171896e-01
   9.0963641e-01
   8.0113187e-01
   8.0904861e-01
   8.3562756e-01
   8.7740212e-01
   8.3468022e-01
   7.8931445e-01
   8.3475226e-01
   9.2447542e-01
   8.9642998e-01
   8.2086816e-01
   8.6338704e-01
   8.8025400e-01
   9.1941792e-01
   8.3169457e-01
   8.7961062e-01
   9.1310719e-01
   8.4244963e-01
   7.6844370e-01
   7.3700075e-01
   9.0956732e-01
   8.8569187e-01
   8.7382163e-01
   8.0099466e-01
   7.6708781e-01
   9.0297728e-01
   9.0728424e-01
   8.0436333e-01
   8.8125755e-01
   8.0852805e-01
   8.7473042e-01
   8.6828753e-01
   8.6452686e-01
   8.3804606e-01
   7.7603262e-01
   8.3582059e-01
   8.3653792e-01
   8.4748118e-01
   9.1247086e-01
   8.6495016e-01
   8.6593597e-01
   9.0106690e-01
   8.6472681e-01
   8.3158431e-01
   8.2365886e-01
   8.6864357e-01
   8.6104274e-01
   8.2579245e-01
   9.3552483e-01
   8.9115037e-01
   9.0532788e-01
   8.2119497e-01
   7.7911082e-01
   8.6591174e-01
   9.0023291e-01
   8.8193848e-01
   8.3661599e-01
   8.6746737e-01
   9.1706403e-01
   8.9908473e-01
   9.0308148e-01
   8.4870409e-01
   9.3825036e-01
   8.5444956e-01
   8.7339019e-01
   8.8436285e-01
   7.7522152e-01
   8.1438472e-01
   8.6214820e-01
   8.2635802e-01
   7.1710302e-01
   6.6807000e-01
   8.4858550e-01
   9.1285785e-01
   9.0958765e-01
   8.9478384e-01
   8.5405791e-01
   8.5460355e-01
   9.1666069e-01
   9.1564834e-01
   8.7663115e-01
   7.5665653e-01
   8.8075564e-01
   8.0905779e-01
   9.2707164e-01
   8.7173844e-01
   8.3795408e-01
   8.7089728e-01
   8.1978238e-01
   8.4072338e-01
   8.9630660e-01
   8.7874279e-01
   8.4922771e-01
   8.2730263e-01
   8.6475462e-01
   8.4108909e-01
   8.3022920e-01
   8.2475734e-01
   8.2915824e-01
   8.2298461e-01
   8.5526673e-01
   8.6735596e-01
   8.9868355e-01
   8.4425051e-01
   9.1018791e-01
   8.8753519e-01
   8.3545440e-01
   7.7948891e-01
   8.9070962e-01
   8.9315850e-01
   8.6951916e-01
   7.9360057e-01
   8.4862913e-01
   8.7976631e-01
   8.7580303e-01
   8.1711391e-01
   8.7628356e-01
   9.1184436e-01
   8.7431063e-01
   7.8060314e-01
   8.7848603e-01
   8.4727041e-01
   9.2128779e-01
   7.8889279e-01
   7.3883357e-01
   8.8469343e-01
   8.2684968e-01
   8.7728487e-01
   8.6130246e-01
   8.7936952e-01
   8.5831749e-01
   8.3249727e-01
   8.8976258e-01
   7.9638569e-01
   7.5468864e-01
   8.4193215e-01
   9.2692998e-01
   7.0391089e-01
   8.1132613e-01
   8.4857803e-01
   9.0818902e-01
   7.4753993e-01
   8.4933334e-01
   8.0860852e-01
   8.0523828e-01
   8.4208858e-01
   7.9687893e-01
   9.1729791e-01
   8.5601910e-01
   8.7409809e-01
   8.5044705e-01
   9.0825620e-01
   9.0052135e-01
   8.9738756e-01
   8.5114963e-01
   7.9320631e-01
   9.0045546e-01
   8.2475734e-01
   9.1613976e-01
   8.6364281e-01
   9.1455723e-01
   8.6676436e-01
   8.5150914e-01
   8.4841117e-01
   8.6514454e-01
   8.9461802e-01
   8.1631105e-01
   8.3167098e-01
   7.8430164e-01
   8.2504315e-01
   8.7894846e-01
   8.6764759e-01
   7.9731223e-01
   7.7272181e-01
   8.8400879e-01
   8.3444836e-01
   8.5122243e-01
   9.2790965e-01
   7.6811893e-01
   8.8695652e-01
   8.6227952e-01
   8.8059582e-01
   8.2061578e-01
   8.5925590e-01
   9.2591642e-01
   8.8655546e-01
   8.7712408e-01
   8.9305168e-01
   8.4688498e-01
   8.5406382e-01
   8.2603050e-01
   8.0185635e-01
   9.2744530e-01
   8.2068765e-01
   9.0402242e-01
   9.2912637e-01
   9.1140038e-01
   8.8758960e-01
   8.8692967e-01
   8.3591511e-01
   8.1978427e-01
   8.8573532e-01
   8.0931476e-01
   8.8457944e-01
   9.1651234e-01
   7.9256795e-01
   8.2074410e-01
   9.2308667e-01
   8.2373655e-01
   8.4095661e-01
   9.0535405e-01
   8.5963615e-01
   8.2072477e-01
   8.6852937e-01
   8.8475696e-01
   8.7233238e-01
   8.7493333e-01
   7.6202756e-01
   8.7124875e-01
   7.8825942e-01
   8.8016970e-01
   8.4582034e-01
   8.8511044e-01
   8.5081550e-01
   8.5935764e-01
   8.1817147e-01
   8.4302978e-01
   8.8469343e-01
   8.2576667e-01
   8.7214413e-01
   8.0498606e-01
   8.7790195e-01
   8.6401843e-01
   8.7984896e-01
   6.7551561e-01
   8.7396282e-01
   7.3939429e-01
   8.6976077e-01
   9.0103464e-01
   8.3628714e-01
   8.8540132e-01
   7.9617071e-01
   9.1202803e-01
   8.9906483e-01
   8.2066017e-01
   8.9206166e-01
   8.1331080e-01
   8.9215135e-01
   9.0235499e-01
   8.5695776e-01
   7.8000374e-01
   8.4066693e-01
   8.2073615e-01
   8.6983082e-01
   8.6311596e-01
   8.6015165e-01
   8.3698785e-01
   8.3629033e-01
   8.7124100e-01
   8.0760259e-01
   8.6952405e-01
   8.9087805e-01
   7.8242376e-01
   8.3238770e-01
   9.3333099e-01
   9.2778654e-01
   8.1828731e-01
   8.3928889e-01
   9.0212799e-01
   8.5407609e-01
   8.7390345e-01
   8.3530444e-01
   8.1774861e-01
   8.4846603e-01
   8.0505213e-01
   8.9545793e-01
   8.5898690e-01
   8.5295475e-01
   8.8912689e-01
   8.7776470e-01
   8.4770006e-01
   8.2732483e-01
   8.5947877e-01
   8.1519783e-01
   7.8043402e-01
   7.2741618e-01
   8.1663052e-01
   8.8710732e-01
   8.8816049e-01
   8.6346144e-01
   8.3503199e-01
   8.8470638e-01
   8.4495650e-01
   8.1836001e-01
   9.0164786e-01
   8.6436372e-01
   8.6907161e-01
   9.0554367e-01
   7.7563265e-01
   8.4877635e-01
   9.0336214e-01
   8.0552163e-01
   8.8434321e-01
   8.8289712e-01
   9.0847906e-01
   8.3711503e-01
   8.6058126e-01
   9.0999517e-01
   8.9203171e-01
   8.5621416e-01
   8.8250418e-01
   9.0357700e-01
   8.7577886e-01
   7.8672762e-01
   8.9963240e-01
   8.8599803e-01
   9.0642553e-01
   8.9393955e-01
   7.7633019e-01
   9.2796112e-01
   8.7453905e-01
   7.9510204e-01
   8.7372461e-01
   9.2615326e-01
   8.8028119e-01
   8.6517878e-01
   9.1718673e-01
   9.0301319e-01
   7.3645837e-01
   9.0686578e-01
   8.5718833e-01
   8.9688213e-01
   9.0693487e-01
   9.6033086e-01
   8.6780672e-01
   9.1535408e-01
   8.0484303e-01
   7.2837852e-01
   8.5920700e-01
   8.7844982e-01
   8.9341635e-01
   7.8325674e-01
   8.3431109e-01
   8.7280899e-01
   8.8245965e-01
   8.2728886e-01
   8.8572435e-01
   7.9675868e-01
   9.3270772e-01
   9.1660854e-01
   8.4638565e-01
   7.8817232e-01
   8.8590648e-01
   8.8753997e-01
   8.6446637e-01
   9.1686854e-01
   8.6472527e-01
   8.8843318e-01
   9.3492990e-01
   7.9191240e-01
   8.7740562e-01
   9.0072269e-01
   8.4900957e-01
   8.3323881e-01
   8.4237633e-01
   9.1316100e-01
   7.8420929e-01
   8.7941852e-01
   8.4352581e-01
   9.2881827e-01
   8.5679544e-01
   9.0615985e-01
   8.5637621e-01
   9.0087994e-01
   8.9287771e-01
   9.1742927e-01
   8.5960875e-01
   8.6756682e-01
   8.2576897e-01
   7.4680878e-01
   8.7205303e-01
   9.0694907e-01
   8.2095927e-01
   7.8154797e-01
   9.2330761e-01
   9.0173129e-01
   8.4431004e-01
   9.0495881e-01
   8.9928812e-01
   8.7610937e-01
   8.7552693e-01
   8.0027344e-01
   8.8547219e-01
   9.2144242e-01
   8.8354930e-01
   9.0233617e-01
   9.1966526e-01
   8.3681582e-01
   9.2750524e-01
   8.9044494e-01
   8.8601865e-01
   8.5755230e-01
   8.5177839e-01
   9.1651827e-01
   8.9766570e-01
   7.6544056e-01
   8.6050079e-01
   8.5766093e-01
   8.7397028e-01
   8.6808701e-01
   8.9266164e-01
   9.2859215e-01
   8.1183216e-01
   9.3500089e-01
   9.1902099e-01
   8.8825413e-01
   9.3596529e-01
   8.6667049e-01
   8.5451967e-01
   7.6011047e-01
   9.3206954e-01
   7.7441177e-01
   8.9190873e-01
   9.3112835e-01
   9.0897839e-01
   8.3318781e-01
   8.8872249e-01
   8.8188042e-01
   9.1682752e-01
   8.6262846e-01
   8.1942003e-01
   8.8717347e-01
   9.0144448e-01
   8.7280838e-01
   8.9393289e-01
   8.3280169e-01
   8.3449849e-01
   8.5857194e-01
   9.3756513e-01
   8.8296529e-01
   8.8436575e-01
   8.0911985e-01
   9.2522225e-01
   7.7178524e-01
   9.2470578e-01
   8.0954481e-01
   8.0626649e-01
   8.6503305e-01
   8.4873489e-01
   9.0668287e-01
   8.7525698e-01
   8.9585677e-01
   9.2767613e-01
   9.0527160e-01
   8.2382275e-01
   8.3539963e-01
   9.0247786e-01
   8.8306490e-01
   8.9246079e-01
   9.0519650e-01
   8.3824024e-01
   8.2616392e-01
   8.1290407e-01
   8.7637248e-01
   9.1177298e-01
   8.6955063e-01
   8.7886196e-01
   8.8105422e-01
   8.5227457e-01
   8.8312172e-01
   8.7824691e-01
   8.1307665e-01
   8.9000598e-01
   8.7316233e-01
   8.7888415e-01
   9.1114889e-01
   8.9350910e-01
   8.1726007e-01
   8.3364799e-01
   9.2577776e-01
   7.2927845e-01
   9.0348743e-01
   9.0727255e-01
   9.3043196e-01
   8.9386528e-01
   8.4655289e-01
   8.8031238e-01
   9.0684821e-01
   8.7231860e-01
   8.7035531e-01
   8.3927608e-01
   9.0387509e-01
   8.8860989e-01
   8.5664485e-01
   8.4041968e-01
   9.2203247e-01
   8.2971203e-01
   8.3951645e-01
   8.7873057e-01
   8.9264021e-01
   8.5711090e-01
   8.3964397e-01
   9.3082688e-01
   8.8553157e-01
   9.2431202e-01
   9.1379243e-01
   8.7629163e-01
   8.7557932e-01
   9.0349012e-01
   8.5245279e-01
   8.3611181e-01
   9.4595125e-01
   8.4096232e-01
   8.9413384e-01
   8.6128217e-01
   7.5128973e-01
   8.7938130e-01
   8.2194464e-01
   8.7624608e-01
   8.9270991e-01
   8.6730660e-01
   9.0545985e-01
   8.8288463e-01
   9.1465939e-01
   8.5832478e-01
   8.8901559e-01
   8.8026843e-01
   8.7632763e-01
   8.1498667e-01
   8.9383154e-01
   8.6230556e-01
   8.9961226e-01
   9.4105492e-01
   8.4568702e-01
   8.4758793e-01
   8.5814338e-01
   9.0184629e-01
   8.4002140e-01
   9.2672755e-01
   9.1831605e-01
   8.6663417e-01
   8.0886830e-01
   8.5069874e-01
   8.3676076e-01
   9.1155502e-01
   8.5975736e-01
   7.0299838e-01
   9.4858937e-01
   9.3681350e-01
   7.6912413e-01
   8.8129149e-01
   7.8147086e-01
   9.4196207e-01
   8.3906985e-01
   8.3771539e-01
   8.0826863e-01
   9.0078400e-01
   8.4734322e-01
   8.5083374e-01
   9.1138577e-01
   9.1587390e-01
   8.5871263e-01
   8.9850814e-01
   7.8896110e-01
   7.8232887e-01
   8.7034618e-01
   7.0970358e-01
   8.6441142e-01
   8.1307264e-01
   8.8000886e-01
   8.8803268e-01
   8.6934602e-01
   8.6568032e-01
   8.1793588e-01
   8.1041580e-01
   8.9519039e-01
   8.8926845e-01
   8.8908099e-01
   8.3013205e-01
   7.7696208e-01
   9.1652117e-01
   8.2620371e-01
   7.6132740e-01
   9.2489424e-01
   9.0426842e-01
   9.1495209e-01
   8.9188756e-01
   9.0398057e-01
   8.4750293e-01
   9.0069011e-01
   7.7269002e-01
   8.8672342e-01
   8.9548060e-01
   8.7354542e-01
   7.9738039e-01
   8.9227862e-01
   9.0705266e-01
   8.7755241e-01
   8.8874701e-01
   8.1952370e-01
   9.0290404e-01
   8.9016162e-01
   8.9970439e-01
   9.3281221e-01
   8.8505733e-01
   6.9820115e-01
   9.0329088e-01
   8.8454432e-01
   9.2388567e-01
   8.4505633e-01
   9.0908079e-01
   9.4283238e-01
   8.4467420e-01
   8.7109669e-01
   8.7387521e-01
   8.9587484e-01
   8.3389064e-01
   8.1855319e-01
   8.0697644e-01
   8.8689480e-01
   7.8041814e-01
   8.7712743e-01
   8.7029363e-01
   8.5082838e-01
   9.2367293e-01
   8.4611202e-01
   8.5671418e-01
   9.0883004e-01
   9.0067187e-01
   9.0292569e-01
   8.2110305e-01
   8.5123468e-01
   8.7067735e-01
   8.8465973e-01
   7.5083605e-01
   8.6657777e-01
   8.0737691e-01
   8.3986990e-01
   9.2626042e-01
   9.0149839e-01
   9.1644783e-01
   9.3421106e-01
   8.7395102e-01
   8.7623400e-01
   8.9687550e-01
   8.9810385e-01
   8.2890288e-01
   8.9865530e-01
   8.9633391e-01
   8.7623988e-01
   8.4438151e-01
   9.0866427e-01
   8.7309773e-01
   9.1690618e-01
   8.2930993e-01
   8.3717261e-01
   8.1414914e-01
   8.7505519e-01
   8.8339012e-01
   8.2984650e-01
   8.1000227e-01
   8.7625709e-01
   8.2783043e-01
   8.2638965e-01
   7.5753480e-01
   8.5087853e-01
   9.0978899e-01
   8.8746233e-01
   8.0660978e-01
   8.8139098e-01
   8.6637184e-01
   8.3909773e-01
   9.2160566e-01
   7.9510204e-01
   8.9390926e-01
   8.1364133e-01
   8.1192770e-01
   8.2928879e-01
   8.9836789e-01
   9.1241806e-01
   8.8703302e-01
   9.2699971e-01
   9.0090108e-01
   9.0614712e-01
   8.6421461e-01
   8.8342032e-01
   7.5704376e-01
   9.3846607e-01
   9.0183340e-01
   9.0138942e-01
   8.3097256e-01
   9.0564925e-01
   8.7374521e-01
   8.8302306e-01
   8.5621437e-01
   8.6309933e-01
   9.3100257e-01
   9.1819018e-01
   9.0680632e-01
   8.6529072e-01
   8.6007156e-01
   8.0763867e-01
   7.6665589e-01
   8.5209446e-01
   6.9782208e-01
   8.0144926e-01
   9.0450840e-01
   8.8807569e-01
   9.1310290e-01
   8.1572989e-01
   9.1696978e-01
   8.6791699e-01
   8.7750510e-01
   9.0015716e-01
   7.8371453e-01
   8.2827499e-01
   8.3670954e-01
   8.0357550e-01
   7.4020188e-01
   8.4530572e-01
   8.6565881e-01
   7.3609961e-01
   8.5342114e-01
   8.9251392e-01
   8.4268937e-01
   8.4146410e-01
   8.7907017e-01
   9.3027591e-01
   8.6651603e-01
   8.7008923e-01
   8.4913822e-01
   8.8601901e-01
   8.9651832e-01
   9.4413100e-01
   8.1406068e-01
   8.5953307e-01
   8.0696795e-01
   8.3386041e-01
   8.2731895e-01
   8.4404819e-01
   8.3257420e-01
   8.5900892e-01
   8.9981491e-01
   8.4302077e-01
   8.8809705e-01
   9.1085193e-01
   8.9204639e-01
   7.7698994e-01
   8.6527092e-01
   9.0044067e-01
   8.8760050e-01
   8.7908069e-01
   9.4474244e-01
   8.6093570e-01
   8.1962243e-01
   7.7591571e-01
   7.8907430e-01
   8.6878635e-01
   9.2109521e-01
   9.1586820e-01
   8.1978536e-01
   8.5646743e-01
   9.1396586e-01
   7.6748817e-01
   8.9626058e-01
   9.4945328e-01
   8.8303765e-01
   9.1412322e-01
   8.4941074e-01
   8.9149296e-01
   8.4566834e-01
   8.7763196e-01
   8.9535786e-01
   9.2511962e-01
   8.9855524e-01
   8.3662236e-01
   8.7800532e-01
   9.0003498e-01
   8.8052404e-01
   8.9643680e-01
   8.7135299e-01
   9.1007332e-01
   8.8021737e-01
   9.2350785e-01
   8.9577712e-01
   9.0959077e-01
   8.8811932e-01
   8.8885408e-01
   9.0651949e-01
   9.4410340e-01
   9.1145668e-01
   8.3346877e-01
   8.1540731e-01
   9.4739713e-01
   9.2013280e-01
   9.4434088e-01
   9.1175556e-01
   9.3625538e-01
   8.7137410e-01
   8.9958474e-01
   8.2981534e-01
   9.0564745e-01
   9.0297210e-01
   8.9694571e-01
   9.0398968e-01
   9.2945601e-01
   8.8921724e-01
   7.2455787e-01
   9.4766736e-01
   8.7879190e-01
   9.1682380e-01
   8.8867065e-01
   7.5128366e-01
   8.7041821e-01
   9.1922616e-01
   8.4194920e-01
   9.1924162e-01
   8.8923354e-01
   8.8025942e-01
   8.9666220e-01
   8.6002270e-01
   9.4697376e-01
   7.6051875e-01
   8.1968114e-01
   9.3881345e-01
   9.5737297e-01
   7.5890715e-01
   9.2286796e-01
   8.8686678e-01
   9.1092164e-01
   8.3964965e-01
   8.4736039e-01
   8.5018792e-01
   8.6402001e-01
   8.7700835e-01
   9.2405704e-01
   8.9820047e-01
   8.1077427e-01
   9.4073846e-01
   9.1380915e-01
   9.1780262e-01
   8.1672986e-01
   8.2561012e-01
   9.0703255e-01
   9.0529229e-01
   8.7566575e-01
   8.6308428e-01
   8.9045286e-01
   8.6640234e-01
   8.5203749e-01
   9.2489743e-01
   8.5197273e-01
   9.2109198e-01
   8.7621412e-01
   9.2481598e-01
   8.7926988e-01
   9.3448567e-01
   8.9934630e-01
   8.2885872e-01
   9.2633638e-01
   8.4573332e-01
   9.4069194e-01
   8.9605277e-01
   9.0829043e-01
   8.6853926e-01
   9.0086390e-01
   8.4315129e-01
   8.9652788e-01
   8.9960640e-01
   7.9608256e-01
   9.1216497e-01
   8.1225185e-01
   9.2667157e-01
   8.8538032e-01
   8.8939637e-01
   9.2466125e-01
   8.4866840e-01
   9.0937184e-01
   9.3514946e-01
   8.9388362e-01
   9.1287016e-01
   9.2828704e-01
   8.7981510e-01
   8.7977241e-01
   9.1322915e-01
   9.2147366e-01
   8.7649491e-01
   8.7261139e-01
   9.1764675e-01
   8.6815891e-01
   8.9902938e-01
   8.2948538e-01
   8.7739774e-01
   8.6598065e-01
   9.1565999e-01
   9.4556301e-01
   7.8875193e-01
   8.9179499e-01
   9.0046122e-01
   9.1821956e-01
   8.9736700e-01
   8.6622554e-01
   8.6457316e-01
   8.3575343e-01
   8.5083567e-01
   9.2456894e-01
   9.3676993e-01
   8.2724517e-01
   8.9719462e-01
   8.9565145e-01
   8.6410402e-01
   9.2569072e-01
   8.6321444e-01
   9.3936009e-01
   8.7929835e-01
   9.1940270e-01
   8.0147864e-01
   7.6816871e-01
   9.2403532e-01
   9.0236507e-01
   8.7841742e-01
   9.0641716e-01
   8.7185867e-01
   8.9784149e-01
   9.0515393e-01
   9.1723681e-01
   8.5945995e-01
   8.0081730e-01
   7.6867026e-01
   8.4909500e-01
   8.3382058e-01
   8.0399331e-01
   8.5654347e-01
   9.0951205e-01
   9.1066874e-01
   9.1200257e-01
   8.8028785e-01
   8.1844135e-01
   9.2891431e-01
   8.5653727e-01
   9.0525188e-01
   9.1767863e-01
   8.4399628e-01
   9.2670004e-01
   8.6916101e-01
   8.4650256e-01
   8.5438622e-01
   8.7276632e-01
   9.2840004e-01
   8.2561633e-01
   8.0695994e-01
   8.1009515e-01
   9.2403928e-01
   9.1183766e-01
   8.0184776e-01
   8.9861876e-01
   9.4716708e-01
   8.7680940e-01
   8.4184489e-01
   7.9051950e-01
   9.1283018e-01
   9.1013070e-01
   8.5332652e-01
   8.7510566e-01
   8.7177929e-01
   9.3970275e-01
   9.1619158e-01
   8.8765322e-01
   8.8672169e-01
   8.6755613e-01
   8.9996601e-01
   8.7872100e-01
   8.8527125e-01
   9.5252526e-01
   9.2948118e-01
   9.0536275e-01
   8.6341819e-01
   9.2106414e-01
   8.7767417e-01
   9.1378147e-01
   8.8452115e-01
   8.9447333e-01
   8.8175841e-01
   8.3548827e-01
   8.9069460e-01
   9.0791963e-01
   8.7664107e-01
   8.8382286e-01
   8.6355343e-01
   9.0597569e-01
   9.4500575e-01
   9.1213440e-01
   8.7473444e-01
   9.2818230e-01
   8.3425467e-01
   8.5050648e-01
   9.5550601e-01
   8.9060941e-01
   9.0744852e-01
   9.1628146e-01
   8.0838915e-01
   9.0049505e-01
   8.2161721e-01
   8.5503282e-01
   9.2606782e-01
   8.8440888e-01
   8.7983246e-01
   8.7905758e-01
   9.0574663e-01
   8.5205792e-01
   8.7582332e-01
   9.1886221e-01
   8.3277986e-01
   8.6150610e-01
   8.8378343e-01
   9.0037459e-01
   8.1448123e-01
   7.4257196e-01
   8.9165481e-01
   9.1302110e-01
   8.0977131e-01
   8.6334102e-01
   9.4280925e-01
   8.5277688e-01
   8.4033597e-01
   8.4783958e-01
   8.7354769e-01
   7.2308391e-01
   8.7825793e-01
   8.2170835e-01
   9.1504760e-01
   8.5650182e-01
   8.6644570e-01
   7.9531100e-01
   9.1176400e-01
   9.1800466e-01
   9.1862021e-01
   9.2286334e-01
   8.4347982e-01
   8.7632282e-01
   8.5960253e-01
   8.4096368e-01
   8.7067578e-01
   8.2825616e-01
   8.8922283e-01
   9.0663109e-01
   8.6000018e-01
   9.0385938e-01
   8.8253648e-01
   9.1210625e-01
   8.6204832e-01
   8.8481500e-01
   9.0190017e-01
   9.3657033e-01
   8.8558857e-01
   9.2120244e-01
   8.8801765e-01
   9.1356805e-01
   9.1808763e-01
   8.9950830e-01
   8.9622806e-01
   9.1135202e-01
   9.0907446e-01
   8.5552277e-01
   9.2323196e-01
   8.8643402e-01
   8.8772930e-01
   8.9798546e-01
   8.9652788e-01
   8.9415583e-01
   8.3336592e-01
   8.7253933e-01
   8.6830755e-01
   9.4210282e-01
   8.8296464e-01
   9.3417431e-01
   9.1402184e-01
   8.7725665e-01
   9.2513776e-01
   9.0080750e-01
   8.3398939e-01
   6.9599982e-01
   8.8709523e-01
   8.7508211e-01
   8.8621357e-01
   8.7870561e-01
   9.4792996e-01
   8.4635108e-01
   8.2748231e-01
   8.3260308e-01
   8.2736301e-01
   9.0646934e-01
   9.1282950e-01
   9.4419766e-01
   8.6188260e-01
   8.2626303e-01
   8.6836545e-01
   8.0139631e-01
   8.7791855e-01
   8.9115167e-01
   8.5976629e-01
   9.1078688e-01
   8.4827904e-01
   8.5355824e-01
   8.9567985e-01
   8.8012960e-01
   8.6471099e-01
   9.0359295e-01
   8.3526250e-01
   9.4949739e-01
   8.3279958e-01
   9.1541501e-01
   8.7030612e-01
   8.9049545e-01
   8.8123854e-01
   8.5207470e-01
   8.9811212e-01
   8.7883277e-01
   9.3582296e-01
   8.6273629e-01
   9.1929796e-01
   8.8636164e-01
   9.0669290e-01
   8.8588856e-01
   9.4286187e-01
   8.2271320e-01
   8.5665110e-01
   9.1677844e-01
   9.0537442e-01
   8.9434569e-01
   8.7808161e-01
   8.1244538e-01
   8.4401421e-01
   8.5178668e-01
   8.4663558e-01
   8.5643870e-01
   8.6117492e-01
   9.0088373e-01
   8.6879680e-01
   9.2620216e-01
   9.0824323e-01
   9.1745917e-01
   9.3771648e-01
   8.7284245e-01
   8.4613921e-01
   8.4603105e-01
   8.7523077e-01
   8.9224731e-01
   7.8120824e-01
   8.6216630e-01
   8.9010737e-01
   8.1902230e-01
   9.0506006e-01
   9.3254970e-01
   9.1354606e-01
   7.5827595e-01
   8.9133237e-01
   8.6591916e-01
   8.5235977e-01
   8.0249461e-01
   9.0639117e-01
   8.4242871e-01
   9.0333360e-01
   8.8116773e-01
   8.2820715e-01
   8.6499563e-01
   7.9972984e-01
   8.5131154e-01
   8.6642472e-01
   9.4987254e-01
   8.5740001e-01
   8.9535861e-01
   8.6020174e-01
   8.1012438e-01
   8.3780038e-01
   9.1179545e-01
   8.2257292e-01
   8.2638746e-01
   9.4344762e-01
   9.2254691e-01
   9.1174213e-01
   8.6400023e-01
   8.4080475e-01
   8.8162874e-01
   9.1491997e-01
   9.0670869e-01
   9.4090586e-01
   8.3122552e-01
   8.9673871e-01
   9.2000053e-01
   8.9086190e-01
   8.2816521e-01
   8.8341992e-01
   8.0485034e-01
   8.9827344e-01
   8.4944185e-01
   9.2019720e-01
   7.5775501e-01
   9.3298105e-01
   9.2138164e-01
   8.9085249e-01
   8.9773314e-01
   8.5691109e-01
   8.8895465e-01
   8.1685232e-01
   8.8550385e-01
   9.3382573e-01
   9.1032435e-01
   9.3160890e-01
   8.6864597e-01
   8.9770546e-01
   8.8740005e-01
   9.6146731e-01
   8.6658088e-01
   8.5382551e-01
   9.1827074e-01
   8.1157328e-01
   8.7824610e-01
   8.0822268e-01
   8.7294512e-01
   9.5099499e-01
   8.9245327e-01
   8.4477452e-01
   9.4902702e-01
   9.2129479e-01
   9.5048896e-01
   9.0115255e-01
   8.7529973e-01
   9.4108395e-01
   9.0328049e-01
   8.7703643e-01
   9.1423820e-01
   9.3992371e-01
   9.1582432e-01
   9.1276889e-01
   8.8006956e-01
   9.4217530e-01
   6.9062509e-01
   8.9290865e-01
   8.9471838e-01
   9.1425047e-01
   9.0997180e-01
   8.5030840e-01
   8.2332118e-01
   9.4251794e-01
   9.1570249e-01
   9.5101683e-01
   8.7420813e-01
   8.8703464e-01
   9.5352400e-01
   9.4513001e-01
   9.0226341e-01
   9.1388839e-01
   8.8976598e-01
   8.8598269e-01
   8.9133555e-01
   9.2150009e-01
   8.5466466e-01
   9.3171360e-01
   8.7517657e-01
   9.2226896e-01
   8.7941215e-01
   8.5445301e-01
   8.7859468e-01
   8.9743163e-01
   8.5274718e-01
   9.1419975e-01
   9.6171300e-01
   7.9750771e-01
   8.7569759e-01
   9.3966576e-01
   9.3022078e-01
   8.1138302e-01
   9.3547173e-01
   9.5058116e-01
   8.7906048e-01
   9.2804899e-01
   9.2026391e-01
   9.0402459e-01
   8.9775798e-01
   8.8247555e-01
   8.8338690e-01
   8.2178571e-01
   9.4085164e-01
   8.7266020e-01
   8.5564113e-01
   8.7520438e-01
   9.1868551e-01
   8.9060281e-01
   9.1214035e-01
   9.1522204e-01
   9.3817064e-01
   9.1250752e-01
   8.2529615e-01
   8.3038231e-01
   9.2811787e-01
   9.0198091e-01
   9.0867382e-01
   9.3867220e-01
   9.2852566e-01
   9.2014671e-01
   8.8720725e-01
   8.8853119e-01
   8.9466180e-01
   9.2197202e-01
   8.9268155e-01
   9.0852738e-01
   9.1081308e-01
   9.2822491e-01
   9.1202337e-01
   9.2531032e-01
   9.0289951e-01
   9.4355855e-01
   8.5349473e-01
   9.2821983e-01
   8.7782098e-01
   9.0654399e-01
   8.4294715e-01
   9.2815471e-01
   9.2775859e-01
   9.4825239e-01
   8.8107858e-01
   9.2484309e-01
   8.6818023e-01
   9.1322420e-01
   8.2262374e-01
   9.2869309e-01
   9.1026353e-01
   8.6303642e-01
   8.6884929e-01
   8.8696281e-01
   8.3476564e-01
   9.0147782e-01
   9.1877518e-01
   9.1676865e-01
   8.8739350e-01
   9.2457440e-01
   8.8779289e-01
   9.5838788e-01
   8.4950270e-01
   8.9165362e-01
   8.9426183e-01
   9.2355116e-01
   9.0833992e-01
   8.3381223e-01
   8.9653920e-01
   9.4100101e-01
   8.5160985e-01
   8.3844655e-01
   8.5867377e-01
   9.1886927e-01
   9.7052798e-01
   8.5629806e-01
   8.7984529e-01
   8.1763350e-01
   7.8889982e-01
   9.1255668e-01
   8.4038206e-01
   9.1923527e-01
   9.0036471e-01
   9.0337390e-01
   9.1603120e-01
   8.7401399e-01
   8.4923965e-01
   8.9683992e-01
   9.3311691e-01
   8.6846923e-01
   9.0268615e-01
   8.7337542e-01
   8.3642992e-01
   8.6386895e-01
   8.5712726e-01
   8.7628342e-01
   8.8873769e-01
   9.3573442e-01
   8.9843103e-01
   9.1089083e-01
   9.3286281e-01
   9.2683502e-01
   8.8769744e-01
   8.9108624e-01
   9.0618620e-01
   8.9949872e-01
   9.2806142e-01
   9.2768086e-01
   9.2969539e-01
   8.9832041e-01
   9.4016464e-01
   8.6744346e-01
   9.5062349e-01
   8.7838017e-01
   9.1927778e-01
   9.0147371e-01
   8.5648951e-01
   9.7762845e-01
   9.0789978e-01
   8.8366973e-01
   9.0550768e-01
   8.7238377e-01
   8.3866305e-01
   8.9140235e-01
   9.5414491e-01
   8.9533334e-01
   9.0757633e-01
   9.3753566e-01
   9.4244550e-01
   9.1363313e-01
   8.6129375e-01
   8.0996956e-01
   8.9324210e-01
   9.4456877e-01
   9.0235566e-01
   9.0041954e-01
   9.1381403e-01
   8.7568898e-01
   9.1274723e-01
   9.1341358e-01
   8.4849432e-01
   8.9716306e-01
   9.0929360e-01
   8.9455275e-01
   8.9458418e-01
   8.0605748e-01
   8.0730046e-01
   8.6830432e-01
   8.6386466e-01
   8.9937461e-01
   9.0482352e-01
   8.9685221e-01
   9.1947851e-01
   7.7775750e-01
   8.8175732e-01
   9.1671211e-01
   9.2678914e-01
   9.2459243e-01
   8.6512996e-01
   8.9498890e-01
   8.9619789e-01
   8.7468589e-01
   9.0335989e-01
   9.4718408e-01
   8.6478584e-01
   9.1079958e-01
   9.2432597e-01
   8.9351326e-01
   9.3733641e-01
   8.7584836e-01
   9.4065416e-01
   9.0002066e-01
   9.2045305e-01
   9.0201950e-01
   8.6991306e-01
   8.8114300e-01
   8.9376574e-01
   8.8963172e-01
   8.8298580e-01
   8.3967524e-01
   9.1511932e-01
   9.0528376e-01
   9.3424375e-01
   9.1143855e-01
   8.7853980e-01
   8.8723937e-01
   8.4845590e-01
   9.3620686e-01
   9.2709017e-01
   8.9477485e-01
   8.7180780e-01
   8.9210642e-01
   9.3651824e-01
   8.9752071e-01
   9.4030796e-01
   8.9114307e-01
   9.2604768e-01
   8.3273477e-01
   8.8366973e-01
   9.1789763e-01
   8.7597961e-01
   9.0395900e-01
   8.6834839e-01
   9.4151163e-01
   9.1745545e-01
   9.0734773e-01
   8.8812989e-01
   9.1956557e-01
   8.7761419e-01
   9.6171536e-01
   7.3794772e-01
   9.0104524e-01
   9.3802395e-01
   9.1683946e-01
   8.6200732e-01
   9.3623611e-01
   9.4025795e-01
   9.1894641e-01
   9.1863293e-01
   8.9663634e-01
   8.7045712e-01
   9.2886678e-01
   8.7538773e-01
   8.4978356e-01
   8.2291861e-01
   9.0984971e-01
   8.9157239e-01
   8.3837807e-01
   9.0959463e-01
   8.9849586e-01
   8.2718288e-01
   8.6024326e-01
   8.6037922e-01
   9.0240709e-01
   9.3668847e-01
   8.8323809e-01
   9.0701737e-01
   8.8683821e-01
   8.7510903e-01
   9.2565758e-01
   8.9887332e-01
   9.0002066e-01
   8.7975866e-01
   8.3441521e-01
   8.5639223e-01
   9.0150227e-01
   8.9825668e-01
   9.7517678e-01
   9.2716911e-01
   7.7423473e-01
   9.2281416e-01
   9.2365907e-01
   9.4706791e-01
   9.2009723e-01
   8.8332063e-01
   8.2916552e-01
   8.8766569e-01
   9.0933267e-01
   9.3297363e-01
   8.7314828e-01
   8.8948558e-01
   8.8974796e-01
   8.7761204e-01
   9.0690965e-01
   8.7336092e-01
   9.0356056e-01
   8.8114572e-01
   8.2299709e-01
   8.7468917e-01
   8.8891632e-01
   8.9177279e-01
   8.3273956e-01
   9.5297174e-01
   8.9417687e-01
   8.9132931e-01
   9.0284291e-01
   8.9766310e-01
   9.3745846e-01
   9.3135250e-01
   9.0957787e-01
   8.7198553e-01
   8.8776330e-01
   9.4495124e-01
   8.6118546e-01
   9.0890538e-01
   8.4413705e-01
   8.5576785e-01
   9.1909886e-01
   8.7566666e-01
   9.2530241e-01
   8.0947383e-01
   8.7183143e-01
   9.4337136e-01
   9.1287016e-01
   9.3143372e-01
   8.9946702e-01
   9.0940091e-01
   9.1909078e-01
   8.7924083e-01
   7.2512218e-01
   8.9600387e-01
   9.3243249e-01
   9.3598072e-01
   9.0764695e-01
   9.4276119e-01
   8.8442104e-01
   8.5561458e-01
   8.4613693e-01
   9.3218855e-01
   9.4113311e-01
   9.2612446e-01
   8.6872284e-01
   8.7932791e-01
   9.3906579e-01
   8.5577351e-01
   8.2311179e-01
   8.3788861e-01
   9.2078949e-01
   9.0795664e-01
   9.2047269e-01
   8.8890161e-01
   8.8713929e-01
   9.3391288e-01
   9.7172815e-01
   7.5465128e-01
   8.0915230e-01
   8.7511839e-01
   8.6980729e-01
   8.5746857e-01
   8.8442653e-01
   8.6038192e-01
   8.0803183e-01
   9.3444904e-01
   9.4005252e-01
   8.9011361e-01
   9.0917227e-01
   8.2983596e-01
   8.6255886e-01
   8.5705978e-01
   9.2891702e-01
   9.0206215e-01
   9.1306175e-01
   8.4489468e-01
   9.2138799e-01
   9.4344216e-01
   8.1396698e-01
   9.2107184e-01
   8.9668236e-01
   9.3613079e-01
   8.6022934e-01
   8.6481373e-01
   8.9292256e-01
   8.5651342e-01
   9.1912317e-01
   9.2712737e-01
   8.2881670e-01
   8.7229242e-01
   8.9321763e-01
   9.1264982e-01
   8.5116903e-01
   9.0171396e-01
   9.1703388e-01
   8.1318122e-01
   9.0171115e-01
   8.4514343e-01
   8.9693663e-01
   9.0984005e-01
   8.9125995e-01
   9.4214773e-01
   8.4612139e-01
   9.3277474e-01
   7.1349723e-01
   8.7390814e-01
   9.5025800e-01
   9.3313414e-01
   8.9447180e-01
   9.7973462e-01
   9.2381102e-01
   9.4805484e-01
   8.8693397e-01
   8.9850113e-01
   9.6620917e-01
   8.9846586e-01
   9.3643181e-01
   9.2437378e-01
   9.2959909e-01
   9.0052974e-01
   8.0288304e-01
   9.3840871e-01
   7.8175157e-01
   9.3358061e-01
   8.4040631e-01
   8.8882730e-01
   9.4371971e-01
   9.0714927e-01
   8.3582783e-01
   9.5301399e-01
   8.7896632e-01
   9.5376154e-01
   9.5309354e-01
   8.6921038e-01
   8.5087200e-01
   9.0673757e-01
   9.4013412e-01
   8.8646266e-01
   9.5695367e-01
   9.0876387e-01
   8.8098573e-01
   8.4520866e-01
   8.9114728e-01
   9.5057601e-01
   8.5987065e-01
   9.2740049e-01
   9.1549606e-01
   9.0427895e-01
   9.4883420e-01
   9.4134023e-01
   9.3559287e-01
   9.2014902e-01
   8.8307261e-01
   9.3251449e-01
   9.1671906e-01
   7.9842622e-01
   9.0610688e-01
   8.5147961e-01
   9.2435365e-01
   9.0250748e-01
   8.4704040e-01
   8.8363618e-01
   9.3361416e-01
   8.9285910e-01
   9.1986239e-01
   9.4642450e-01
   9.2824373e-01
   9.2365386e-01
   9.3044107e-01
   9.1556834e-01
   8.4028684e-01
   8.9729821e-01
   8.5769885e-01
   9.2071176e-01
   9.4090740e-01
   9.5335300e-01
   8.6948690e-01
   9.3134368e-01
   9.2449960e-01
   9.2306147e-01
   9.2976412e-01
   8.9718906e-01
   8.9791967e-01
   9.4975350e-01
   8.8918238e-01
   9.1314012e-01
   9.0882369e-01
   8.7744178e-01
   8.9543325e-01
   8.6002868e-01
   9.5360936e-01
   9.1770003e-01
   8.7738620e-01
   9.6444848e-01
   9.6524684e-01
   9.0380887e-01
   9.0349794e-01
   9.5539623e-01
   9.3237406e-01
   9.3923101e-01
   9.2371379e-01
   9.1062000e-01
   9.5048088e-01
   9.4832973e-01
   9.0701952e-01
   9.4902945e-01
   9.1430864e-01
   8.5848560e-01
   9.3216781e-01
   8.9710883e-01
   9.5210537e-01
   9.4062742e-01
   9.0185544e-01
   9.4748135e-01
   9.4166036e-01
   9.3547822e-01
   9.1566920e-01
   9.5773476e-01
   9.3216781e-01
   9.0329096e-01
   9.3325269e-01
   8.7697494e-01
   9.0460482e-01
   9.2597504e-01
   9.2417425e-01
   9.2065684e-01
   8.9069019e-01
   9.0336406e-01
   8.9406353e-01
   8.8918842e-01
   8.3965348e-01
   8.8193842e-01
   9.5789840e-01
   8.8233833e-01
   9.2174128e-01
   8.1859782e-01
   8.9768035e-01
   9.2365386e-01
   8.2252569e-01
   9.1721436e-01
   8.5511716e-01
   9.2363052e-01
   9.1449300e-01
   8.7998570e-01
   9.1312729e-01
   9.0621445e-01
   8.6481795e-01
   8.7497885e-01
   9.1019880e-01
   9.5015137e-01
   9.2330923e-01
   9.4321329e-01
   9.1001282e-01
   8.6798586e-01
   9.6384682e-01
   9.1858825e-01
   8.7413019e-01
   9.5711196e-01
   8.9273839e-01
   9.1599211e-01
   9.0043548e-01
   9.5666860e-01
   9.2172680e-01
   9.2938709e-01
   8.9789981e-01
   8.4234663e-01
   9.8099698e-01
   8.9088964e-01
   9.4157287e-01
   9.2258831e-01
   8.1691051e-01
   9.3336302e-01
   8.6289903e-01
   8.8598833e-01
   9.4271375e-01
   9.0854365e-01
   8.2342548e-01
   8.5189021e-01
   9.0994386e-01
   9.3776966e-01
   8.4973784e-01
   8.7560193e-01
   9.2280613e-01
   8.9331050e-01
   8.9274036e-01
   9.5660395e-01
   9.6264879e-01
   8.9455334e-01
   9.2972148e-01
   9.3527618e-01
   8.1281496e-01
   9.1394247e-01
   9.5812713e-01
   8.9767103e-01
   9.4236273e-01
   9.3309223e-01
   8.9897885e-01
   9.2428348e-01
   8.8953435e-01
   9.0644750e-01
   9.3026007e-01
   9.4283081e-01
   9.3500637e-01
   8.9049911e-01
   9.6007334e-01
   8.8387046e-01
   8.3524400e-01
   9.1399979e-01
   9.1415329e-01
   9.6735795e-01
   9.3109307e-01
   9.2032626e-01
   9.2445780e-01
   8.3462818e-01
   9.1128419e-01
   8.7702636e-01
   9.5044457e-01
   8.3083780e-01
   8.7583049e-01
   9.3216309e-01
   9.1890906e-01
   7.9304830e-01
   7.7549568e-01
   8.8927059e-01
   9.1983242e-01
   8.9894543e-01
   8.8700523e-01
   9.2844145e-01
   9.0901181e-01
   8.4928140e-01
   8.7954942e-01
   7.8221893e-01
   8.8862863e-01
   8.9412628e-01
   9.3898191e-01
   9.1739057e-01
   9.2071027e-01
   9.2767225e-01
   9.3188126e-01
   9.4073854e-01
   9.4981415e-01
   8.0199047e-01
   9.2927050e-01
   7.7956467e-01
   9.5286439e-01
   9.1266362e-01
   9.1323670e-01
   9.3986510e-01
   8.1478433e-01
   8.9499094e-01
   8.4702173e-01
   8.6262943e-01
   8.4279344e-01
   7.9446566e-01
   9.6498930e-01
   9.3685492e-01
   9.3022274e-01
   8.8080483e-01
   9.2017154e-01
   8.4981116e-01
   9.0485755e-01
   9.1881625e-01
   9.1566501e-01
   8.8765016e-01
   8.3346310e-01
   8.8515519e-01
   8.3763281e-01
   9.1366852e-01
   9.0762319e-01
   9.4761584e-01
   8.4360276e-01
   8.9075669e-01
   8.3265517e-01
   8.6437165e-01
   9.0915921e-01
   9.1312174e-01
   9.3179166e-01
   8.8310366e-01
   8.9375834e-01
   8.9069712e-01
   9.4193040e-01
   9.4675419e-01
   8.5809529e-01
   9.5363079e-01
   8.6010087e-01
   9.0866786e-01
   9.1274124e-01
   8.4383733e-01
   9.3244358e-01
   7.4007156e-01
   9.1372021e-01
   8.9667586e-01
   9.2004945e-01
   9.3280967e-01
   8.7692851e-01
   9.1721436e-01
   8.7724479e-01
   9.2472167e-01
   9.1202942e-01
   9.0547214e-01
   7.9951666e-01
   8.8188912e-01
   9.1734252e-01
   8.8674504e-01
   8.8282016e-01
   9.4393866e-01
   9.4755490e-01
   8.9618161e-01
   8.7549566e-01
   9.0713533e-01
   8.9273839e-01
   9.1348024e-01
   9.0686638e-01
   9.2011533e-01
   9.2726729e-01
   9.1881625e-01
   9.3469077e-01
   8.9118801e-01
   9.2361431e-01
   8.4631063e-01
   8.9155122e-01
   9.2278589e-01
   9.1425134e-01
   9.2294884e-01
   9.4176219e-01
   9.2138583e-01
   9.1587952e-01
   8.8645496e-01
   8.3180908e-01
   8.8425083e-01
   9.2800240e-01
   9.4488151e-01
   8.8883419e-01
   8.8291650e-01
   9.3647761e-01
   9.2224453e-01
   9.0579455e-01
   8.8315353e-01
   9.2212683e-01
   9.1577718e-01
   9.3650566e-01
   8.8880431e-01
   8.4487217e-01
   9.0673084e-01
   8.5160014e-01
   9.4617323e-01
   8.3005625e-01
   9.0975450e-01
   9.1947760e-01
   9.3438858e-01
   9.0255969e-01
   9.4134329e-01
   9.1323670e-01
   9.1527435e-01
   9.2766580e-01
   9.4056268e-01
   8.0855471e-01
   8.7199575e-01
   9.2676736e-01
   9.0219481e-01
   9.1443394e-01
   8.0367656e-01
   9.6385723e-01
   8.8460903e-01
   9.0384541e-01
   8.9573868e-01
   8.4844494e-01
   9.0631840e-01
   9.3419993e-01
   8.9539788e-01
   9.1991516e-01
   8.1027736e-01
   9.4112075e-01
   9.0721452e-01
   9.0388158e-01
   9.3933047e-01
   8.8133071e-01
   9.2439355e-01
   9.0805506e-01
   9.1880642e-01
   8.7165717e-01
   9.3040084e-01
   9.1502238e-01
   9.3859952e-01
   9.5182228e-01
   9.1904204e-01
   8.8119181e-01
   9.2887479e-01
   8.6780253e-01
   9.2592444e-01
   9.2459486e-01
   9.5404183e-01
   9.3756020e-01
   9.0061337e-01
   9.7457813e-01
   9.1505202e-01
   8.9284366e-01
   9.3114514e-01
   9.2231773e-01
   9.1649352e-01
   9.3084348e-01
   9.0229772e-01
   9.5410959e-01
   9.1564376e-01
   9.0235877e-01
   9.0356944e-01
   9.0625272e-01
   9.2357759e-01
   9.1686188e-01
   9.1927326e-01
   9.6508217e-01
   9.3556567e-01
   9.2970772e-01
   8.4002283e-01
   9.4876095e-01
   8.7572930e-01
   8.8429395e-01
   9.3193551e-01
   8.8771471e-01
   9.3068662e-01
   9.2884046e-01
   8.8660921e-01
   9.0841461e-01
   9.1401633e-01
   9.6186378e-01
   9.4448778e-01
   9.4930416e-01
   9.0857210e-01
   9.4392797e-01
   9.3355254e-01
   9.1627795e-01
   9.0170280e-01
   9.3462141e-01
   8.9813533e-01
   9.2699477e-01
   9.2202537e-01
   9.2741586e-01
   9.8129793e-01
   8.8194428e-01
   9.2632601e-01
   8.7127943e-01
   9.1958836e-01
   8.5531266e-01
   9.2117264e-01
   8.6533711e-01
   9.3936678e-01
   9.0128042e-01
   9.3421843e-01
   9.2556667e-01
   9.2288550e-01
   9.5189375e-01
   9.3591982e-01
   9.2207564e-01
   9.3588018e-01
   9.1212918e-01
   9.2805718e-01
   9.0936057e-01
   9.1138791e-01
   9.3266942e-01
   9.2627011e-01
   9.0642834e-01
   8.7543606e-01
   9.4486040e-01
   9.6026641e-01
   9.0740765e-01
   8.9270658e-01
   9.4156515e-01
   9.7194289e-01
   9.7060972e-01
   9.2246287e-01
   8.9275310e-01
   9.0600125e-01
   9.0582765e-01
   9.1875178e-01
   9.4678005e-01
   9.0558458e-01
   9.6159343e-01
   8.7146827e-01
   9.3005514e-01
   9.6186130e-01
   9.4637601e-01
   9.2286009e-01
   9.2637234e-01
   9.4720247e-01
   8.9083374e-01
   9.3518766e-01
   9.5407383e-01
   9.5797247e-01
   8.6679352e-01
   9.1586984e-01
   8.7746643e-01
   9.3793201e-01
   9.3066345e-01
   9.6283412e-01
   9.3141539e-01
   9.1600865e-01
   9.4746151e-01
   8.7098072e-01
   9.1456938e-01
   9.5186844e-01
   9.5159183e-01
   9.3746360e-01
   8.3380261e-01
   8.6591488e-01
   9.2142502e-01
   8.8854554e-01
   9.0460665e-01
   8.7148751e-01
   8.8089205e-01
   9.2137575e-01
   8.5159257e-01
   9.0950995e-01
   9.3719470e-01
   8.9523931e-01
   8.6364592e-01
   9.4997182e-01
   9.3721504e-01
   9.4632710e-01
   9.4176737e-01
   8.8912890e-01
   9.1313534e-01
   8.9164746e-01
   8.9043471e-01
   9.5942200e-01
   9.3827216e-01
   8.9053503e-01
   8.7198538e-01
   9.3416360e-01
   8.9503055e-01
   9.5002243e-01
   9.1060131e-01
   9.7015616e-01
   9.3876259e-01
   9.5619801e-01
   9.0477623e-01
   9.0919607e-01
   9.1733799e-01
   9.5826856e-01
   9.2389243e-01
   9.2511880e-01
   8.8954527e-01
   9.1880606e-01
   9.0342585e-01
   9.3820253e-01
   9.4766416e-01
   9.3023658e-01
   9.0530186e-01
   8.9422370e-01
   9.1412426e-01
   9.6196620e-01
   8.7146827e-01
   9.0516904e-01
   8.7150000e-01
   9.2079540e-01
   8.6266551e-01
   9.1528642e-01
   9.2322705e-01
   9.1965000e-01
   8.9241834e-01
   9.4585465e-01
   9.5483971e-01
   9.5886285e-01
   8.6247272e-01
   9.2545056e-01
   9.4675999e-01
   9.4115460e-01
   9.0712283e-01
   8.7185133e-01
   9.1945477e-01
   8.9489025e-01
   8.4089618e-01
   9.2860011e-01
   9.2355125e-01
   9.1745209e-01
   9.3736853e-01
   8.8722664e-01
   9.5402890e-01
   9.2318512e-01
   9.4370716e-01
   9.0932375e-01
   8.8780478e-01
   8.9267165e-01
   9.1834991e-01
   9.3045623e-01
   8.5391871e-01
   9.0816267e-01
   8.2638398e-01
   9.1141224e-01
   8.9587350e-01
   8.9618790e-01
   8.9476987e-01
   8.8357826e-01
   8.7840493e-01
   9.1110566e-01
   8.9512610e-01
   8.7443053e-01
   9.5404871e-01
   8.8707590e-01
   9.1205862e-01
   9.0150753e-01
   9.6103031e-01
   9.6514028e-01
   8.5036201e-01
   8.9047419e-01
   8.7400513e-01
   8.8219471e-01
   9.3120966e-01
   9.0450984e-01
   8.3841508e-01
   8.7402516e-01
   8.9510157e-01
   8.6814362e-01
   9.1428717e-01
   9.0091340e-01
   8.5438905e-01
   8.0365736e-01
   9.0206686e-01
   8.1622225e-01
   8.9155586e-01
   8.4369261e-01
   9.2127112e-01
   8.4205240e-01
   9.0882720e-01
   9.6676554e-01
   9.5014214e-01
   8.7139812e-01
   8.9757868e-01
   8.3982861e-01
   8.9070211e-01
   9.1118139e-01
   9.2287780e-01
   9.3769229e-01
   8.9508251e-01
   8.8981519e-01
   9.7391664e-01
   9.4016798e-01
   9.5667018e-01
   8.0521821e-01
   9.2097298e-01
   8.9941904e-01
   9.4035452e-01
   9.5423349e-01
   9.1120046e-01
   9.4857327e-01
   8.9959250e-01
   9.1797512e-01
   8.0612442e-01
   8.9412603e-01
   9.2968929e-01
   9.2620432e-01
   8.8815307e-01
   8.9551284e-01
   9.3812111e-01
   9.1791765e-01
   9.4357648e-01
   9.5850482e-01
   8.8725002e-01
   8.2496528e-01
   8.1073925e-01
   8.9370376e-01
   9.4077027e-01
   9.0379598e-01
   9.0310991e-01
   8.3926148e-01
   9.2027363e-01
   9.0985494e-01
   9.3614166e-01
   9.2227331e-01
   9.3743581e-01
   9.4743858e-01
   9.1820790e-01
   8.8890780e-01
   9.0322579e-01
   9.4350871e-01
   8.8724634e-01
   9.3282932e-01
   9.0370034e-01
   9.3154086e-01
   9.1095583e-01
   8.1724771e-01
   9.4266597e-01
   9.3405106e-01
   9.5711804e-01
   8.5037060e-01
   9.2324573e-01
   8.9096903e-01
   9.6676554e-01
   9.4472211e-01
   9.2726565e-01
   8.3743669e-01
   9.0667635e-01
   9.0578719e-01
   9.2268546e-01
   9.0163998e-01
   9.3753452e-01
   9.2970772e-01
   8.6129351e-01
   9.0760325e-01
   9.4575015e-01
   9.6692652e-01
   9.0987567e-01
   9.4728785e-01
   9.3644403e-01
   9.3537240e-01
   9.3039924e-01
   9.0886072e-01
   8.9418868e-01
   8.9972211e-01
   9.2862802e-01
   9.2127804e-01
   9.0907424e-01
   9.2704740e-01
   9.0358913e-01
   9.5030916e-01
   9.2313317e-01
   9.4847805e-01
   8.8053948e-01
   8.1192715e-01
   8.9513171e-01
   9.4677822e-01
   9.4385604e-01
   9.1214816e-01
   8.3953414e-01
   8.4198364e-01
   9.5037196e-01
   9.6171117e-01
   9.3999897e-01
   9.2857335e-01
   9.1455285e-01
   8.6123743e-01
   9.5229615e-01
   9.2304505e-01
   9.0534357e-01
   9.1327989e-01
   9.2777902e-01
   9.5181633e-01
   9.4578145e-01
   9.4055395e-01
   9.2455607e-01
   9.4680640e-01
   9.3330851e-01
   9.2700872e-01
   9.3383707e-01
   8.8304874e-01
   9.3904216e-01
   9.5035518e-01
   8.9300218e-01
   9.1671010e-01
   9.3384688e-01
   9.2100882e-01
   8.6707682e-01
   9.2742651e-01
   8.0907141e-01
   9.2489495e-01
   9.4943637e-01
   8.7827433e-01
   9.3037692e-01
   9.2302543e-01
   8.7121629e-01
   8.8001199e-01
   9.4798597e-01
   9.3777880e-01
   8.2301986e-01
   9.7106198e-01
   8.8264339e-01
   9.3200681e-01
   8.3395072e-01
   9.0114375e-01
   9.2509155e-01
   9.6815949e-01
   9.3378739e-01
   9.2154160e-01
   9.4937993e-01
   7.7480580e-01
   9.4898575e-01
   9.4306291e-01
   9.0937294e-01
   9.2613274e-01
   9.4218111e-01
   9.2137934e-01
   9.6894367e-01
   9.4218467e-01
   9.2691408e-01
   8.7562662e-01
   7.5969022e-01
   9.5598938e-01
   9.6343354e-01
   9.1392778e-01
   9.3640515e-01
   9.5428633e-01
   8.6505240e-01
   9.2490106e-01
   9.4543551e-01
   9.0692579e-01
   8.9017280e-01
   9.5658734e-01
   9.3413928e-01
   9.6309864e-01
   9.2585210e-01
   9.3259108e-01
   9.5150636e-01
   9.5351690e-01
   9.5841652e-01
   9.1333885e-01
   8.3329555e-01
   8.2102543e-01
   9.2890688e-01
   8.8495437e-01
   9.2152328e-01
   9.4686961e-01
   9.2613149e-01
   9.7588995e-01
   9.3902229e-01
   9.4535832e-01
   8.6840560e-01
   9.6594602e-01
   9.6336894e-01
   9.2644245e-01
   9.6004491e-01
   8.8120341e-01
   9.1800237e-01
   9.6611106e-01
   9.0418260e-01
   9.6419960e-01
   9.1278485e-01
   9.5776271e-01
   9.3189933e-01
   9.3018966e-01
   9.4808740e-01
   9.3387786e-01
   9.5185420e-01
   9.3532620e-01
   9.1475223e-01
   7.6522588e-01
   9.3604455e-01
   9.1029429e-01
   9.1226018e-01
   9.2720083e-01
   9.4393310e-01
   9.5583678e-01
   9.4264820e-01
   9.2745957e-01
   9.1390391e-01
   9.2112738e-01
   9.2536894e-01
   9.4526179e-01
   8.2903342e-01
   9.5966667e-01
   9.4927146e-01
   9.3841503e-01
   9.1949599e-01
   9.2718826e-01
   9.1508582e-01
   9.3420555e-01
   9.1558223e-01
   9.7193803e-01
   9.4857546e-01
   9.3239840e-01
   9.5783190e-01
   8.6608410e-01
   9.6086670e-01
   8.9870133e-01
   9.8409294e-01
   9.3274074e-01
   9.7820104e-01
   9.2660698e-01
   8.5382924e-01
   9.7236615e-01
   9.2285317e-01
   9.5004151e-01
   9.4983814e-01
   8.9240357e-01
   9.1966246e-01
   8.7501329e-01
   9.0039232e-01
   9.2742112e-01
   9.2586532e-01
   9.0751384e-01
   9.2068885e-01
   9.1927965e-01
   8.5739271e-01
   9.3289824e-01
   9.6141321e-01
   9.2906916e-01
   9.2153946e-01
   9.4475312e-01
   9.2356344e-01
   9.3834935e-01
   9.0422777e-01
   8.8930246e-01
   8.5979686e-01
   9.0110930e-01
   8.8969708e-01
   8.8871741e-01
   9.2472201e-01
   7.7663715e-01
   9.1698177e-01
   8.9200133e-01
   9.0688592e-01
   9.0699078e-01
   9.3255099e-01
   9.2484497e-01
   9.3242815e-01
   9.3821607e-01
   9.4401655e-01
   9.5135036e-01
   9.4045918e-01
   9.0657607e-01
   9.2810956e-01
   9.4257088e-01
   9.1434925e-01
   9.0627879e-01
   8.9401538e-01
   9.1498479e-01
   9.2329953e-01
   9.5717747e-01
   9.2796914e-01
   8.6051401e-01
   9.0039232e-01
   9.2867142e-01
   9.4234838e-01
   8.8762325e-01
   9.0576131e-01
   9.3933718e-01
   8.7866011e-01
   9.1492862e-01
   9.5005145e-01
   9.5218252e-01
   9.5337277e-01
   9.6449143e-01
   8.5627516e-01
   9.3557764e-01
   9.5291825e-01
   9.3715196e-01
   9.7860201e-01
   9.1454306e-01
   9.0402464e-01
   9.6051358e-01
   9.2465579e-01
   9.1692177e-01
   9.5066393e-01
   9.1865268e-01
   9.6466688e-01
   9.2258491e-01
   9.5131604e-01
   9.3570200e-01
   9.8296517e-01
   9.4297283e-01
   9.7268973e-01
   9.0008754e-01
   9.2402253e-01
   8.7666817e-01
   9.6777036e-01
   8.1094246e-01
   9.2870510e-01
   9.6287232e-01
   9.0664510e-01
   9.6437845e-01
   9.6181041e-01
   8.9159159e-01
   8.9830282e-01
   9.6091838e-01
   8.8885932e-01
   9.4997531e-01
   8.9986590e-01
   9.4028243e-01
   9.4903148e-01
   9.5989326e-01
   9.2570763e-01
   9.5341209e-01
   9.3831455e-01
   9.5213198e-01
   9.2778040e-01
   8.8572312e-01
   9.2839074e-01
   9.1410011e-01
   9.4898575e-01
   8.4226953e-01
   9.1645321e-01
   9.4952787e-01
   9.0103872e-01
   8.8215950e-01
   9.0091544e-01
   9.4100850e-01
   9.4900351e-01
   9.1060534e-01
   9.5630489e-01
   9.2071854e-01
   9.0919606e-01
   9.0521318e-01
   8.3088350e-01
   9.4601248e-01
   9.5332231e-01
   9.1509877e-01
   9.5748070e-01
   8.6285681e-01
   9.0021477e-01
   9.2896487e-01
   9.3660358e-01
   8.3865797e-01
   8.6509527e-01
   8.3702608e-01
   8.9280863e-01
   9.3711452e-01
   8.7735848e-01
   9.0496691e-01
   8.7008235e-01
   9.5408915e-01
   9.3830854e-01
   8.0775068e-01
   9.0618450e-01
   9.4710545e-01
   8.9224239e-01
   8.9518902e-01
   9.5143480e-01
   9.0143254e-01
   8.9946905e-01
   9.6161728e-01
   9.1906986e-01
   9.4785194e-01
   9.3317912e-01
   8.5434208e-01
   8.6427341e-01
   9.0149300e-01
   8.8686005e-01
   9.4386172e-01
   8.8555918e-01
   8.3907935e-01
   9.2976027e-01
   9.0092523e-01
   8.9677110e-01
   9.1086834e-01
   9.4680724e-01
   9.3202383e-01
   8.8301947e-01
   9.2686251e-01
   8.2874105e-01
   9.4304488e-01
   9.4506339e-01
   8.2320421e-01
   9.0042877e-01
   8.6717463e-01
   9.2935691e-01
   9.2625589e-01
   8.7106802e-01
   9.2500930e-01
   9.0547766e-01
   9.0072326e-01
   9.8790018e-01
   9.6339894e-01
   9.5148377e-01
   9.0707867e-01
   9.3631143e-01
   9.0296179e-01
   9.2816849e-01
   9.7052819e-01
   9.3379921e-01
   8.6319584e-01
   9.4748471e-01
   9.6766321e-01
   9.2481126e-01
   9.1907492e-01
   9.4163150e-01
   9.0921215e-01
   9.6280638e-01
   9.4778507e-01
   9.1164203e-01
   9.5934191e-01
   9.3469031e-01
   9.3289131e-01
   9.6203180e-01
   9.1124242e-01
   9.7051460e-01
   9.2673874e-01
   9.7805319e-01
   9.6972911e-01
   9.4671280e-01
   9.4945921e-01
   8.8643286e-01
   9.2230264e-01
   9.3802034e-01
   9.7432467e-01
   9.4274316e-01
   9.1369422e-01
   8.6777454e-01
   9.4182860e-01
   9.4530301e-01
   9.2476481e-01
   9.1898457e-01
   9.0801901e-01
   9.4608674e-01
   9.2706720e-01
   9.2472012e-01
   8.5686790e-01
   9.5755965e-01
   9.3717603e-01
   9.5406601e-01
   9.3252868e-01
   9.6765832e-01
   9.7287531e-01
   8.9392217e-01
   9.5889990e-01
   9.1688191e-01
   9.4545401e-01
   9.3102246e-01
   9.2050950e-01
   9.3084371e-01
   9.1779721e-01
   9.3318853e-01
   9.1041555e-01
   9.6356979e-01
   9.2408188e-01
   9.0092972e-01
   9.3211160e-01
   9.4498415e-01
   9.7094892e-01
   9.1596295e-01
   9.4606957e-01
   9.1295413e-01
   9.1403550e-01
   9.8276934e-01
   9.5363478e-01
   9.3946484e-01
   9.7016410e-01
   9.1677418e-01
   9.7513193e-01
   9.4479053e-01
   9.2014810e-01
   9.4056234e-01
   9.3174032e-01
   9.3930755e-01
   9.7094892e-01
   9.6124759e-01
   9.4787846e-01
   9.6303119e-01
   9.4987988e-01
   9.3729213e-01
   9.5338755e-01
   9.2089789e-01
   9.4861830e-01
   9.3247660e-01
   9.2708247e-01
   9.3153688e-01
   9.2289121e-01
   9.2545321e-01
   9.3708142e-01
   9.3559606e-01
   9.1818275e-01
   9.3844486e-01
   9.2534023e-01
   9.1058376e-01
   9.6292129e-01
   8.4854584e-01
   9.7422915e-01
   9.0590927e-01
   9.6520463e-01
   9.8217944e-01
   9.8107166e-01
   9.4951953e-01
   9.4515062e-01
   9.6532683e-01
   8.6802329e-01
   9.4347460e-01
   9.2870065e-01
   9.2790101e-01
   9.2346013e-01
   9.3607048e-01
   9.1491950e-01
   9.0411351e-01
   9.5156129e-01
   8.5141022e-01
   9.1887489e-01
   8.6027020e-01
   9.3396753e-01
   9.3010196e-01
   9.8343292e-01
   9.5317284e-01
   9.2188213e-01
   9.3934775e-01
   9.6651332e-01
   8.7800870e-01
   9.3591429e-01
   9.0349162e-01
   9.5954975e-01
   7.9939621e-01
   9.8346556e-01
   8.9770439e-01
   8.7050638e-01
   8.4641199e-01
   9.4276015e-01
   8.7824381e-01
   8.6846832e-01
   8.9845279e-01
   9.6219077e-01
   9.4077758e-01
   9.2150093e-01
   8.7997849e-01
   9.4041975e-01
   9.4945242e-01
   9.2633214e-01
   9.1027280e-01
   8.8112144e-01
   9.4578759e-01
   9.2707187e-01
   9.3314703e-01
   9.0295248e-01
   8.3878022e-01
   9.4540378e-01
   9.5801471e-01
   9.1892754e-01
   8.8918115e-01
   9.5068451e-01
   9.6429840e-01
   8.6896092e-01
   9.2135969e-01
   9.5438139e-01
   9.7623279e-01
   9.6017584e-01
   9.1240917e-01
   9.5529695e-01
   8.8306995e-01
   9.0661536e-01
   9.2337520e-01
   9.0568624e-01
   9.2538655e-01
   9.1132894e-01
   9.3018254e-01
   9.4470482e-01
   9.0408520e-01
   9.5917398e-01
   9.5513951e-01
   9.4843103e-01
   9.6406519e-01
   8.4382839e-01
   9.5548518e-01
   9.3921298e-01
   9.6681898e-01
   9.7171107e-01
   9.4245240e-01
   8.5770751e-01
   9.5411377e-01
   8.9047386e-01
   8.1217442e-01
   8.7801559e-01
   9.2932272e-01
   9.7422047e-01
   9.1907420e-01
   8.9940137e-01
   8.9915638e-01
   9.0011125e-01
   9.0412429e-01
   8.4875525e-01
   9.2594853e-01
   9.4959994e-01
   9.8970615e-01
   9.7694590e-01
   9.5419157e-01
   9.2137274e-01
   9.4745585e-01
   9.0479866e-01
   9.0010697e-01
   8.8938188e-01
   9.5065861e-01
   9.2339431e-01
   8.9596689e-01
   8.8239231e-01
   8.7821110e-01
   8.1984865e-01
   8.8986100e-01
   9.3420803e-01
   9.2127163e-01
   8.3186583e-01
   9.4591065e-01
   9.3349741e-01
   9.1261595e-01
   8.9744846e-01
   8.8298629e-01
   9.3724572e-01
   8.7516729e-01
   8.0205217e-01
   9.5648897e-01
   9.0240599e-01
   9.3917736e-01
   9.1406259e-01
   8.9407097e-01
   9.5843285e-01
   9.4242496e-01
   9.0418377e-01
   9.0162927e-01
   9.5190124e-01
   8.8517387e-01
   8.8678368e-01
   9.4305024e-01
   9.2851927e-01
   9.1534890e-01
   8.8336233e-01
   9.2934281e-01
   9.2203536e-01
   9.5818331e-01
   9.1298507e-01
   9.7166007e-01
   9.3117701e-01
   8.6684925e-01
   9.4507399e-01
   9.4453041e-01
   9.2065901e-01
   9.5281578e-01
   8.9902993e-01
   9.0204298e-01
   9.4976734e-01
   9.1158303e-01
   9.2016813e-01
   9.2128719e-01
   8.9639826e-01
   9.6090483e-01
   9.3791546e-01
   9.5462353e-01
   8.9865019e-01
   9.9375566e-01
   8.9457218e-01
   9.3903465e-01
   9.4486308e-01
   9.0622694e-01
   9.5843448e-01
   9.2387274e-01
   9.5803213e-01
   9.2416134e-01
   9.3018096e-01
   8.8859363e-01
   9.1547082e-01
   9.6581856e-01
   9.6957782e-01
   9.5672740e-01
   9.2012018e-01
   9.6454786e-01
   8.7965053e-01
   9.4329787e-01
   9.5771462e-01
   9.3166298e-01
   9.7087886e-01
   9.3273086e-01
   8.9328427e-01
   9.5276370e-01
   9.6250488e-01
   9.7703666e-01
   9.5423816e-01
   9.0497846e-01
   9.5616130e-01
   9.3555913e-01
   9.1389850e-01
   9.1249612e-01
   8.8448149e-01
   9.7591174e-01
   9.3527412e-01
   9.4631744e-01
   9.7785829e-01
   9.4773700e-01
   9.3094746e-01
   9.4649364e-01
   9.4830533e-01
   9.0847995e-01
   9.3737315e-01
   9.1752496e-01
   9.5623249e-01
   9.6567683e-01
   9.1352131e-01
   9.3629692e-01
   9.2766363e-01
   9.5849687e-01
   9.7129209e-01
   8.8251131e-01
   9.5729833e-01
   9.0460876e-01
   9.1205939e-01
   9.1247390e-01
   9.2019979e-01
   9.4080708e-01
   9.3952657e-01
   9.6465544e-01
   9.3715020e-01
   9.3468852e-01
   9.7863592e-01
   9.3438270e-01
   8.8820955e-01
   9.0450118e-01
   9.7397839e-01
   9.5576616e-01
   9.4997984e-01
   9.3830451e-01
   9.3977018e-01
   9.6694676e-01
   9.5636278e-01
   9.7864407e-01
   9.3545720e-01
   9.5385132e-01
   9.7421399e-01
   8.8898703e-01
   9.5291808e-01
   8.9802861e-01
   9.4341227e-01
   9.5812767e-01
   9.1444388e-01
   9.4890406e-01
   8.9918028e-01
   9.4066694e-01
   9.8113365e-01
   8.8932221e-01
   9.8276792e-01
   8.8542336e-01
   9.5853340e-01
   9.1797769e-01
   9.3815052e-01
   9.0946873e-01
   9.0170770e-01
   9.1324699e-01
   9.4862985e-01
   9.6903458e-01
   8.7898136e-01
   9.4322426e-01
   9.6698503e-01
   8.8140162e-01
   9.1993372e-01
   8.7525196e-01
   9.5513368e-01
   9.0336780e-01
   9.5059893e-01
   9.2993437e-01
   9.5744914e-01
   9.5803213e-01
   8.5942401e-01
   9.2882328e-01
   9.3056597e-01
   9.8079212e-01
   9.4645339e-01
   9.3101643e-01
   8.6438341e-01
   9.2854993e-01
   9.7584890e-01
   9.0496633e-01
   9.2528128e-01
   8.8208692e-01
   9.6061874e-01
   9.0979035e-01
   9.5922122e-01
   9.2285699e-01
   9.2377144e-01
   9.7448361e-01
   8.9318723e-01
   8.7417885e-01
   9.5723035e-01
   9.3350417e-01
   9.4482736e-01
   9.1415759e-01
   9.5172206e-01
   8.6395291e-01
   8.8822206e-01
   8.9632051e-01
   9.8173945e-01
   9.4309664e-01
   9.5748197e-01
   9.1342442e-01
   9.8022194e-01
   8.9765529e-01
   9.2346248e-01
   9.4456749e-01
   8.9563048e-01
   9.3256187e-01
   9.4803837e-01
   9.2715893e-01
   9.4839381e-01
   9.6597007e-01
   9.5978955e-01
   9.7630413e-01
   9.4674727e-01
   9.0425045e-01
   9.5844440e-01
   9.4477554e-01
   9.3416566e-01
   9.5296270e-01
   9.3979633e-01
   9.1588134e-01
   9.0593147e-01
   9.0440902e-01
   9.6905450e-01
   9.0682167e-01
   9.6116873e-01
   8.9335927e-01
   9.7396915e-01
   9.3317738e-01
   8.9407321e-01
   9.7001026e-01
   9.6700384e-01
   9.3004669e-01
   9.5822877e-01
   9.7186305e-01
   8.6449609e-01
   9.4085233e-01
   9.4282524e-01
   9.3382077e-01
   9.6625327e-01
   8.5433290e-01
   9.2012888e-01
   9.1471644e-01
   8.9755335e-01
   9.5842850e-01
   9.4190062e-01
   8.6979283e-01
   9.1345436e-01
   9.3470291e-01
   9.6350889e-01
   9.3818609e-01
   9.1666009e-01
   8.9638659e-01
   9.5073873e-01
   9.6136105e-01
   9.1199764e-01
   9.0955025e-01
   9.4505754e-01
   9.5436367e-01
   9.8310234e-01
   9.5873517e-01
   9.3058376e-01
   9.2047933e-01
   9.4079007e-01
   9.7194654e-01
   9.5758184e-01
   9.4326046e-01
   9.5122977e-01
   9.6184527e-01
   9.5063958e-01
   9.5416426e-01
   9.2266317e-01
   9.5363908e-01
   9.6298010e-01
   9.6719448e-01
   9.3516334e-01
   8.9967958e-01
   8.8227435e-01
   9.5966335e-01
   9.4517802e-01
   9.4070324e-01
   9.5225402e-01
   9.3841116e-01
   9.5920682e-01
   9.0991790e-01
   9.6566036e-01
   9.1455824e-01
   9.2236362e-01
   9.4465251e-01
   9.6384506e-01
   9.6839319e-01
   8.8707297e-01
   9.4962958e-01
   9.3842175e-01
   9.1322786e-01
   9.6842018e-01
   9.6867379e-01
   9.4395407e-01
   9.0075592e-01
   9.0422815e-01
   9.4131993e-01
   9.6715005e-01
   8.3032714e-01
   9.6841153e-01
   9.1746375e-01
   9.4501815e-01
   9.3679494e-01
   9.4415079e-01
   9.7274019e-01
   9.6624479e-01
   9.4747215e-01
   9.5757087e-01
   9.3888971e-01
   9.5909948e-01
   9.5916714e-01
   9.4444203e-01
   9.5475529e-01
   8.9763221e-01
   9.6791715e-01
   9.4410781e-01
   9.4872874e-01
   9.4747613e-01
   9.4744945e-01
   9.2148157e-01
   9.2169383e-01
   9.5587174e-01
   9.6372443e-01
   9.7622176e-01
   9.6374572e-01
   9.4066321e-01
   8.5040269e-01
   9.0015307e-01
   9.7812807e-01
   9.2001444e-01
   9.0854631e-01
   9.3482269e-01
   9.6712619e-01
   9.7832948e-01
   9.1004511e-01
   9.3649232e-01
   9.8890878e-01
   9.6542278e-01
   9.7084227e-01
   9.5899375e-01
   9.2807613e-01
   9.8561159e-01
   8.7314054e-01
   9.7917903e-01
   9.5410006e-01
   9.6389437e-01
   8.6871947e-01
   9.0418941e-01
   9.5381287e-01
   9.1843520e-01
   9.6379402e-01
   9.3813314e-01
   8.9499514e-01
   9.6598842e-01
   9.1249441e-01
   9.3901094e-01
   9.1049152e-01
   8.9080422e-01
   9.0200811e-01
   9.6466968e-01
   9.5304234e-01
   9.5840067e-01
   9.4131441e-01
   9.7261332e-01
   9.7858672e-01
   9.0326706e-01
   9.6558413e-01
   9.2557823e-01
   9.3944879e-01
   9.2929656e-01
   9.6546629e-01
   9.3202402e-01
   9.4157985e-01
   9.4842443e-01
   9.1899307e-01
   9.1660400e-01
   8.8540673e-01
   9.3173237e-01
   9.4847744e-01
   9.6424353e-01
   9.7487042e-01
   8.6882811e-01
   9.0543447e-01
   9.2609867e-01
   9.3135587e-01
   9.3583681e-01
   8.7663351e-01
   9.6949843e-01
   8.6993336e-01
   8.3335533e-01
   9.5264020e-01
   9.4536920e-01
   9.6202392e-01
   9.7123039e-01
   9.4562550e-01
   9.2691002e-01
   9.5295021e-01
   9.2250362e-01
   8.8964840e-01
   9.6294901e-01
   9.1809617e-01
   9.4536900e-01
   9.1936174e-01
   8.2411329e-01
   9.8064628e-01
   8.6607977e-01
   9.5559124e-01
   9.6219421e-01
   9.7327506e-01
   9.3844219e-01
   9.7025152e-01
   9.5889448e-01
   9.4783904e-01
   9.6680391e-01
   9.6470262e-01
   8.4363494e-01
   9.1653422e-01
   8.3772453e-01
   9.7579562e-01
   9.4757349e-01
   9.6785652e-01
   9.2119743e-01
   9.2976233e-01
   9.6000282e-01
   9.9407142e-01
   9.5815586e-01
   9.7215422e-01
   9.5163003e-01
   9.3498802e-01
   9.5520864e-01
   9.1260443e-01
   9.8093724e-01
   9.7426741e-01
   9.4789257e-01
   9.4595135e-01
   9.5476395e-01
   9.4056425e-01
   9.3970020e-01
   9.4146391e-01
   9.7812663e-01
   9.6103085e-01
   9.6593110e-01
   9.0982346e-01
   9.8083076e-01
   9.5582087e-01
   9.5076383e-01
   9.6128441e-01
   9.5115047e-01
   9.7751675e-01
   9.6497941e-01
   9.4603093e-01
   9.6478320e-01
   9.3563740e-01
   9.8379997e-01
   9.7580886e-01
   9.3746772e-01
   9.5814300e-01
   9.3844725e-01
   8.9528741e-01
   9.4079692e-01
   9.8367820e-01
   9.3582370e-01
   9.7132118e-01
   9.3186927e-01
   9.7577463e-01
   9.3064462e-01
   9.6746373e-01
   9.4439325e-01
   9.6932000e-01
   9.7097900e-01
   9.3037918e-01
   9.7122480e-01
   9.4751396e-01
   9.3715086e-01
   8.4469768e-01
   9.2944696e-01
   9.6360261e-01
   9.6545143e-01
   9.3289031e-01
   7.6009975e-01
   9.6441266e-01
   9.2700247e-01
   9.8563567e-01
   9.8076384e-01
   9.3997429e-01
   9.5152468e-01
   9.7038629e-01
   9.6679453e-01
   9.5353732e-01
   9.5998892e-01
   9.4900756e-01
   9.4241813e-01
   9.6818423e-01
   9.5433798e-01
   9.5329103e-01
   8.8417944e-01
   9.9305382e-01
   9.7134559e-01
   9.2979209e-01
   9.0014210e-01
   9.5786319e-01
   9.1340775e-01
   9.3716397e-01
   9.4263975e-01
   9.3248540e-01
   9.5082072e-01
   8.8307413e-01
   9.0337459e-01
   9.5592937e-01
   9.7348908e-01
   9.3949015e-01
   9.5549962e-01
   9.7622441e-01
   9.5275365e-01
   9.7214750e-01
   9.2207615e-01
   9.6916597e-01
   9.2412971e-01
   9.5590637e-01
   8.6810594e-01
   9.3525272e-01
   9.6498465e-01
   9.2289465e-01
   9.0502264e-01
   9.6156188e-01
   9.6736074e-01
   9.6691454e-01
   9.4844086e-01
   9.6979457e-01
   9.0992547e-01
   9.0160772e-01
   9.4847100e-01
   9.1093794e-01
   9.7903251e-01
   9.7158331e-01
   9.4942933e-01
   9.5768740e-01
   8.9386493e-01
   9.3661702e-01
   9.6417285e-01
   9.4187702e-01
   9.3380516e-01
   9.5076262e-01
   9.6404726e-01
   9.5671367e-01
   9.5759194e-01
   9.1660622e-01
   9.4491941e-01
   9.7485211e-01
   9.5941986e-01
   9.2054914e-01
   9.0968676e-01
   9.6886833e-01
   9.8934302e-01
   9.3725013e-01
   9.3392754e-01
   9.4236283e-01
   9.6081396e-01
   9.8002570e-01
   9.5850258e-01
   9.8398715e-01
   9.3399345e-01
   9.6152084e-01
   9.3712017e-01
   9.8518295e-01
   9.6479645e-01
   9.5224366e-01
   9.3105489e-01
   9.1744882e-01
   9.3399345e-01
   9.3356814e-01
   9.1883503e-01
   9.5759455e-01
   9.6960763e-01
   8.9029478e-01
   9.4690634e-01
   9.6511171e-01
   9.4334668e-01
   9.7081093e-01
   8.6162348e-01
   9.5354439e-01
   9.5027288e-01
   9.3372897e-01
   9.4127924e-01
   9.6372402e-01
   9.6994620e-01
   8.7737327e-01
   9.8485721e-01
   9.5199856e-01
   9.3580026e-01
   9.9148816e-01
   9.2902193e-01
   9.6658831e-01
   9.5027288e-01
   9.6258101e-01
   9.7506879e-01
   9.5351252e-01
   9.7483079e-01
   9.7054148e-01
   9.8663832e-01
   9.6019958e-01
   9.5758118e-01
   9.5872369e-01
   9.5206211e-01
   9.6552457e-01
   9.5854346e-01
   9.8755676e-01
   9.6898295e-01
   9.4141403e-01
   9.7065732e-01
   9.6257900e-01
   9.5062475e-01
   9.6211319e-01
   9.9037251e-01
   8.8836225e-01
   9.6593020e-01
   9.5789272e-01
   9.9335249e-01
   9.7622526e-01
   9.8331115e-01
   9.8951316e-01
   9.4586324e-01
   9.7409707e-01
   9.7104792e-01
   9.0011622e-01
   9.7494419e-01
   9.4641374e-01
   9.7059032e-01
   9.4788703e-01
   8.9050249e-01
   9.7528887e-01
   9.6202444e-01
   9.6103830e-01
   8.9589844e-01
   9.8288928e-01
   9.5331224e-01
   9.2414713e-01
   9.4087919e-01
   9.1434513e-01
   9.1367379e-01
   9.3094015e-01
   9.5582181e-01
   9.4704111e-01
   9.7824136e-01
   9.7301491e-01
   9.6314367e-01
   9.6535940e-01
   9.7346232e-01
   9.7709582e-01
   9.3842129e-01
   9.7800395e-01
   9.2673380e-01
   9.4925048e-01
   9.3816865e-01
   9.5434858e-01
   9.7836750e-01
   9.3266168e-01
   9.2793071e-01
   9.2437529e-01
   9.7040465e-01
   9.0342931e-01
   9.2622976e-01
   9.3552073e-01
   9.7506879e-01
   9.8966926e-01
   9.4741939e-01
   9.5623117e-01
   8.5290473e-01
   9.7433498e-01
   9.5999425e-01
   9.7693968e-01
   9.7021116e-01
   9.6472120e-01
   8.8788459e-01
   9.3158442e-01
   9.1949960e-01
   9.3960690e-01
   9.7388286e-01
   9.1702485e-01
   9.6348091e-01
   9.3473913e-01
   9.4490409e-01
   9.4167882e-01
   9.8324773e-01
   8.9985748e-01
   9.6293927e-01
   9.4858857e-01
   9.1363231e-01
   9.2327253e-01
   9.3092779e-01
   9.3434168e-01
   9.6382433e-01
   9.7424200e-01
   9.7506661e-01
   9.6116567e-01
   9.4301309e-01
   8.9681017e-01
   9.6803433e-01
   9.9589243e-01
   9.5831115e-01
   9.7041713e-01
   8.7151915e-01
   9.7297904e-01
   9.5727250e-01
   9.5571881e-01
   9.7873035e-01
   9.5000891e-01
   9.4663118e-01
   9.4377939e-01
   9.5869606e-01
   9.9749584e-01
   9.5982390e-01
   9.8365973e-01
   9.4356036e-01
   9.7014187e-01
   9.6358394e-01
   9.7409572e-01
   9.5138557e-01
   9.5202065e-01
   9.4863395e-01
   9.7407068e-01
   9.1593555e-01
   9.7432967e-01
   9.3907702e-01
   9.8275082e-01
   9.3182834e-01
   9.7186517e-01
   9.6878877e-01
   9.2276224e-01
   9.7332586e-01
   9.3861490e-01
   9.6637804e-01
   9.6745683e-01
   9.7555993e-01
   9.6109947e-01
   9.8190231e-01
   9.6900585e-01
   9.9545947e-01
   9.3802548e-01
   9.6083096e-01
   9.3488176e-01
   9.6510994e-01
   9.5647550e-01
   9.5983008e-01
   9.5181546e-01
   9.1586690e-01
   9.6112121e-01
   8.8568434e-01
   9.6101618e-01
   9.6701050e-01
   9.5392797e-01
   9.0796811e-01
   9.3300184e-01
   9.0724259e-01
   8.3825477e-01
   9.6017466e-01
   9.8895226e-01
   9.3258070e-01
   9.8292768e-01
   9.7070347e-01
   9.8509560e-01
   9.4011724e-01
   9.3798814e-01
   9.6704305e-01
   9.6440532e-01
   9.4613048e-01
   9.6924358e-01
   9.8345342e-01
   9.3369950e-01
   9.8058421e-01
   9.6929094e-01
   9.8380867e-01
   9.4875536e-01
   9.6155420e-01
   9.6536010e-01
   9.6387705e-01
   9.9286066e-01
   9.4657628e-01
   9.4432029e-01
   9.3166055e-01
   9.5616483e-01
   9.8403603e-01
   9.8316322e-01
   9.6559914e-01
   9.4590254e-01
   9.6615302e-01
   9.6469085e-01
   9.1117353e-01
   9.7726284e-01
   9.4260935e-01
   9.7516506e-01
   9.4129523e-01
   9.7182510e-01
   9.6991827e-01
   9.3868731e-01
   9.5384320e-01
   9.7088987e-01
   9.8392838e-01
   8.5265789e-01
   9.6855563e-01
   9.7800546e-01
   9.0869645e-01
   9.0914261e-01
   9.7344052e-01
   9.4332586e-01
   9.8786775e-01
   9.9044373e-01
   9.1372050e-01
   9.7336998e-01
   9.8178170e-01
   9.7111608e-01
   9.5428787e-01
   8.9336195e-01
   9.6429726e-01
   9.7257622e-01
   9.7680230e-01
   9.7122134e-01
   8.9104860e-01
   9.3110861e-01
   9.1637260e-01
   9.6116137e-01
   9.4243402e-01
   9.5229368e-01
   8.6531372e-01
   8.9789233e-01
   9.4747223e-01
   9.4342475e-01
   9.4794899e-01
   9.5492302e-01
   9.8820640e-01
   9.0843711e-01
   9.6118666e-01
   9.9093528e-01
   9.4102774e-01
   9.8002487e-01
   9.7881201e-01
   9.5211163e-01
   9.8401795e-01
   9.2372852e-01
   9.0995509e-01
   9.6396044e-01
   8.7300880e-01
   9.1640579e-01
   9.3418702e-01
   9.5753037e-01
   9.8414228e-01
   9.7687050e-01
   9.6566959e-01
   9.4095086e-01
   9.6736372e-01
   9.8007752e-01
   9.4508416e-01
   8.8056101e-01
   9.6902795e-01
   9.7902172e-01
   9.5711084e-01
   9.7342285e-01
   9.7605712e-01
   8.6974623e-01
   9.8593632e-01
   9.3067746e-01
   9.5460420e-01
   9.7253316e-01
   9.7751582e-01
   9.9317783e-01
   9.5132373e-01
   9.4746802e-01
   9.5525556e-01
   9.4146601e-01
   9.5220590e-01
   9.8335350e-01
   9.0359458e-01
   9.8547251e-01
   9.3533948e-01
   9.6218487e-01
   9.8108792e-01
   9.8483647e-01
   9.0634278e-01
   9.6245419e-01
   9.1342598e-01
   9.8664289e-01
   9.2057099e-01
   9.5937636e-01
   9.6977288e-01
   9.7062125e-01
   9.3732131e-01
   9.5902985e-01
   9.7342285e-01
   9.7664238e-01
   9.7855083e-01
   9.8603012e-01
   9.5275127e-01
   9.4806527e-01
   9.5136504e-01
   9.7543168e-01
   9.0460191e-01
   9.6855930e-01
   9.2437743e-01
   9.8499940e-01
   8.7464252e-01
   9.9305477e-01
   9.2885903e-01
   9.6642720e-01
   9.2644580e-01
   9.7706333e-01
   9.7764822e-01
   9.9300975e-01
   9.8708979e-01
   9.7068699e-01
   9.5629046e-01
   9.5599078e-01
   9.7356519e-01
   9.5818623e-01
   9.7678020e-01
   9.3538876e-01
   9.8596375e-01
   9.7273181e-01
   9.5956638e-01
   9.5321491e-01
   9.6611723e-01
   9.8574913e-01
   9.6650326e-01
   9.8435458e-01
   9.7979810e-01
   9.1794243e-01
   9.7489608e-01
   9.7473850e-01
   8.8345888e-01
   9.7610033e-01
   9.7195741e-01
   9.6931857e-01
   9.9266106e-01
   9.6678496e-01
   9.4612609e-01
   9.0579728e-01
   9.7028245e-01
   9.4918857e-01
   9.6327928e-01
   9.7558766e-01
   9.9679700e-01
   9.7666281e-01
   9.6308146e-01
   9.9073289e-01
   9.5031548e-01
   9.5242470e-01
   9.5787588e-01
   9.3036479e-01
   9.5470169e-01
   9.7674695e-01
   9.8586443e-01
   9.6624828e-01
   9.6424327e-01
   9.7925240e-01
   9.8841641e-01
   9.9214447e-01
   9.7905828e-01
   9.7861741e-01
   9.4179163e-01
   8.6560654e-01
   9.7342187e-01
   9.9689809e-01
   9.6080626e-01
   9.4359439e-01
   9.6971472e-01
   9.9049421e-01
   9.8647159e-01
   9.9476671e-01
   9.9727605e-01
   9.7066196e-01
   9.6882380e-01
   9.8362926e-01
   9.8645593e-01
   9.6619388e-01
   9.5190767e-01
   9.2198604e-01
   9.3559166e-01
   9.7073207e-01
   9.1023745e-01
   9.4653894e-01
   9.6872624e-01
   9.4877416e-01
   9.8988126e-01
   9.7724153e-01
   9.9583159e-01
   9.7031982e-01
   9.4916179e-01
   9.6494363e-01
   9.2191643e-01
   9.7276008e-01
   9.5302533e-01
   8.8394473e-01
   9.8905548e-01
   9.6710733e-01
   9.7110111e-01
   9.6242741e-01
   9.7294994e-01
   9.8758922e-01
   9.7401588e-01
   9.1225295e-01
   9.9008458e-01
   9.8993098e-01
   9.8249737e-01
   9.5800037e-01
   9.6713914e-01
   9.8490089e-01
   9.7285053e-01
   9.5750113e-01
   9.4909369e-01
   9.7146049e-01
   9.0390470e-01
   9.5816406e-01
   9.7483412e-01
   9.8657666e-01
   9.8969065e-01
   9.2685106e-01
   9.1656358e-01
   9.8237347e-01
   9.7226971e-01
   9.8703321e-01
   9.7508393e-01
   9.6448575e-01
   9.3835524e-01
   9.6968567e-01
   9.8093347e-01
   9.8147520e-01
   9.9327251e-01
   9.9286066e-01
   8.6974122e-01
