   6.5874448e-01
   8.2558168e-01
   8.0024930e-01
   7.8712130e-01
   7.2255450e-01
   8.5374869e-01
   8.1716934e-01
   7.5956341e-01
   7.3363130e-01
   8.0081732e-01
   6.9606839e-01
   7.8507610e-01
   7.4325362e-01
   5.4217693e-01
   7.5275291e-01
   7.9958260e-01
   8.2295613e-01
   8.1673722e-01
   8.8406207e-01
   8.3897979e-01
   7.9601249e-01
   8.7187613e-01
   8.7900357e-01
   8.2653498e-01
   8.8209776e-01
   8.7424464e-01
   8.7213414e-01
   7.8820327e-01
   7.8330207e-01
   7.9115985e-01
   7.1333951e-01
   8.8714749e-01
   7.2868419e-01
   7.6985653e-01
   8.2565199e-01
   7.6060067e-01
   6.4732426e-01
   7.8413767e-01
   8.5146566e-01
   6.2194710e-01
   8.5453059e-01
   7.9964255e-01
   7.7739575e-01
   8.1651046e-01
   8.9457666e-01
   8.0026448e-01
   9.0005570e-01
   7.9919134e-01
   8.7526670e-01
   8.5750133e-01
   7.0015334e-01
   7.9758437e-01
   8.4444981e-01
   8.6313602e-01
   8.7764761e-01
   8.5475622e-01
   7.7215914e-01
   8.0025270e-01
   8.6706348e-01
   8.6626935e-01
   8.8372506e-01
   8.7759408e-01
   8.7428415e-01
   8.5350926e-01
   8.0989387e-01
   6.8967392e-01
   8.8367897e-01
   8.5565600e-01
   8.6406521e-01
   8.1371032e-01
   8.2855774e-01
   8.4031808e-01
   8.0412630e-01
   7.7909564e-01
   8.9160911e-01
   7.8942343e-01
   8.6752639e-01
   9.0099023e-01
   8.7098941e-01
   9.0154655e-01
   8.4091350e-01
   9.0153690e-01
   9.0324152e-01
   7.4638661e-01
   8.6124188e-01
   8.3765018e-01
   9.1271064e-01
   8.6366830e-01
   8.8058327e-01
   9.1245870e-01
   8.2112618e-01
   8.0325527e-01
   8.8876130e-01
   8.8112631e-01
   8.4938370e-01
   9.1216737e-01
   8.7848079e-01
   8.9128134e-01
   8.9718064e-01
   8.2941757e-01
   8.2348400e-01
   8.4156241e-01
   8.5721669e-01
   9.1813650e-01
   8.6084816e-01
   8.5536558e-01
   8.9430651e-01
   8.1319941e-01
   9.0214508e-01
   9.0239613e-01
   8.8488649e-01
   7.9761444e-01
   8.5033736e-01
   8.4289640e-01
   8.0567339e-01
   7.6606765e-01
   8.7299205e-01
   9.1682398e-01
   8.4943042e-01
   8.3509442e-01
   7.2860428e-01
   8.8255176e-01
   8.5139300e-01
   8.9474822e-01
   8.9645706e-01
   9.0521730e-01
   8.4426029e-01
   6.9507756e-01
   8.2299381e-01
   8.1369789e-01
   9.1509893e-01
   8.4198690e-01
   9.1426398e-01
   8.0569693e-01
   9.0687876e-01
   8.7373664e-01
   8.8793198e-01
   8.9491178e-01
   8.9248802e-01
   8.4546917e-01
   9.0502596e-01
   8.5290003e-01
   8.6459323e-01
   9.3189696e-01
   9.5263907e-01
   8.5319394e-01
   8.8270628e-01
   8.4750939e-01
   8.3223019e-01
   8.8150519e-01
   7.9046783e-01
   8.8527434e-01
   7.9780030e-01
   7.7740546e-01
   8.1819091e-01
   8.9963146e-01
   9.1609718e-01
   9.0278648e-01
   8.6303978e-01
   8.9998566e-01
   9.2924727e-01
   9.0344044e-01
   9.0569900e-01
   8.9274655e-01
   8.6042367e-01
   9.0794477e-01
   7.8189467e-01
   8.5536554e-01
   9.1078272e-01
   9.0467294e-01
   9.2557040e-01
   7.9846311e-01
   8.2590060e-01
   9.0254194e-01
   9.2667492e-01
   8.1864587e-01
   9.3274295e-01
   8.9375416e-01
   8.8363089e-01
   8.5959808e-01
   9.0229477e-01
   9.2074636e-01
   9.0833350e-01
   8.7985140e-01
   7.9922426e-01
   8.4858550e-01
   9.1495809e-01
   8.6610569e-01
   8.9751033e-01
   9.4294598e-01
   8.9989797e-01
   9.1080353e-01
   8.5672192e-01
   9.1195263e-01
   8.9482681e-01
   9.1342043e-01
   8.6160352e-01
   9.3536045e-01
   9.1388467e-01
   8.9858147e-01
   9.1151138e-01
   8.8449086e-01
   8.6437814e-01
   8.6256759e-01
   9.0754395e-01
   9.0079444e-01
   8.8527289e-01
   9.1808488e-01
   9.0071394e-01
   8.9680637e-01
   8.8912825e-01
   8.8195914e-01
   9.1498010e-01
   8.4242918e-01
   8.8734916e-01
   8.1661623e-01
   9.0149934e-01
   8.8139789e-01
   8.6428038e-01
   7.8037948e-01
   9.2246243e-01
   8.8667110e-01
   9.4388742e-01
   7.6652780e-01
   8.6102444e-01
   8.7086926e-01
   9.3270482e-01
   8.7049007e-01
   9.1317469e-01
   8.6379766e-01
   9.1594058e-01
   9.1504230e-01
   9.0669418e-01
   8.4257220e-01
   8.9500258e-01
   9.1722278e-01
   8.9961654e-01
   9.0645427e-01
   8.5122114e-01
   9.0737773e-01
   8.5733129e-01
   8.8527289e-01
   7.9763900e-01
   9.2578966e-01
   8.7376295e-01
   8.6527687e-01
   9.1804534e-01
   8.8779856e-01
   9.0600143e-01
   8.9050983e-01
   8.9459852e-01
   8.7247591e-01
   7.7386500e-01
   8.8712347e-01
   8.7617513e-01
   8.4229826e-01
   9.1411509e-01
   9.3972416e-01
   9.1009587e-01
   9.2910771e-01
   8.8061716e-01
   8.8949596e-01
   8.0128319e-01
   9.0840258e-01
   8.2773840e-01
   9.4765937e-01
   9.1885350e-01
   9.3610418e-01
   9.0017964e-01
   9.3346971e-01
   9.0178194e-01
   9.2048632e-01
   8.6113107e-01
   8.6423067e-01
   8.7531659e-01
   9.2318102e-01
   9.0288425e-01
   8.7123040e-01
   8.2589825e-01
   8.3287514e-01
   8.3624010e-01
   8.5833948e-01
   8.8593625e-01
   7.9994848e-01
   8.9062003e-01
   8.5995950e-01
   8.2547829e-01
   9.2647651e-01
   8.6519617e-01
   9.3070708e-01
   8.7681439e-01
   8.1288179e-01
   8.8979504e-01
   9.4360873e-01
   9.1507587e-01
   8.9986870e-01
   9.2771738e-01
   8.6581953e-01
   9.5214626e-01
   9.3466470e-01
   9.2950647e-01
   9.3843975e-01
   9.2349501e-01
   8.5852714e-01
   9.2604819e-01
   9.4750801e-01
   9.2394914e-01
   8.9412208e-01
   9.2627860e-01
   9.0443627e-01
   9.0487611e-01
   9.1459457e-01
   9.2458528e-01
   8.7472652e-01
   9.4334064e-01
   8.9692122e-01
   9.3213254e-01
   9.0368764e-01
   8.9308495e-01
   8.0773133e-01
   8.5114573e-01
   8.2554404e-01
   9.4044595e-01
   9.2923288e-01
   8.4844659e-01
   9.2941187e-01
   8.8241215e-01
   9.0540749e-01
   8.7180348e-01
   8.8820376e-01
   9.6160831e-01
   8.6923167e-01
   8.8762920e-01
   9.3497669e-01
   9.5001890e-01
   8.8258728e-01
   9.0991319e-01
   9.3286250e-01
   9.1426046e-01
   8.9759593e-01
   9.4807369e-01
   9.2377005e-01
   9.1515924e-01
   9.1339592e-01
   9.1080443e-01
   9.1847887e-01
   9.2503385e-01
   9.1730389e-01
   9.3932870e-01
   8.0902760e-01
   9.4254920e-01
   9.5206147e-01
   9.3227841e-01
   8.9762860e-01
   9.1873867e-01
   9.3852489e-01
   9.1736716e-01
   9.1629053e-01
   8.4258088e-01
   9.3820608e-01
   9.2617081e-01
   9.2746464e-01
   9.1973338e-01
   8.6627427e-01
   9.3771648e-01
   9.4315057e-01
   9.2735503e-01
   9.2197088e-01
   8.5051948e-01
   9.2492397e-01
   9.4824120e-01
   9.5879812e-01
   8.3553767e-01
   9.1712616e-01
   9.0629144e-01
   9.0850561e-01
   9.3140176e-01
   9.3014672e-01
   9.1091403e-01
   9.5857010e-01
   9.3493718e-01
   8.7437040e-01
   9.1351823e-01
   8.9020773e-01
   9.4256803e-01
   9.3474532e-01
   8.6051366e-01
   8.5512726e-01
   9.2114162e-01
   8.9384161e-01
   9.0292484e-01
   8.7450987e-01
   8.2222921e-01
   8.8528389e-01
   9.0836726e-01
   9.2956032e-01
   8.4551486e-01
   9.0973630e-01
   9.2223378e-01
   8.3188641e-01
   9.5571294e-01
   9.2316814e-01
   8.4171799e-01
   9.5092999e-01
   9.2779421e-01
   9.2682956e-01
   9.1114347e-01
   8.7835268e-01
   8.9138252e-01
   9.5780476e-01
   9.3784540e-01
   9.6879454e-01
   8.1615374e-01
   9.5253091e-01
   9.5898311e-01
   8.9103016e-01
   9.3995538e-01
   9.3808829e-01
   9.6994852e-01
   9.2838874e-01
   9.3221166e-01
   9.4568118e-01
   9.3162034e-01
   8.5874099e-01
   9.3450804e-01
   9.5564219e-01
   9.4973794e-01
   9.2388016e-01
   9.5500220e-01
   9.3944953e-01
   8.5705434e-01
   9.4646965e-01
   9.3298350e-01
   9.0470787e-01
   9.2123259e-01
   8.9626663e-01
   9.5809931e-01
   8.2372819e-01
   9.8658774e-01
   9.6965192e-01
   9.1915680e-01
   9.0410006e-01
   9.2779522e-01
   9.2338298e-01
   9.1851416e-01
   9.2111441e-01
   9.5968832e-01
   9.4394656e-01
   9.3811246e-01
   9.1719604e-01
   9.2472737e-01
   8.0163103e-01
   8.8613276e-01
   9.1493217e-01
   9.4851878e-01
   9.2633635e-01
   9.5002758e-01
   9.0663539e-01
   7.5716990e-01
   9.4841264e-01
   9.0534475e-01
   9.2287671e-01
   8.5961071e-01
   9.4118578e-01
   9.3735479e-01
   9.1364803e-01
   8.9036012e-01
   9.3494618e-01
   9.1017725e-01
   9.6024519e-01
   9.1004762e-01
   9.3474509e-01
   8.7721348e-01
   9.6294700e-01
   9.1339331e-01
   8.7592063e-01
   8.8523929e-01
   8.5488093e-01
   9.1285439e-01
   9.2963303e-01
   9.4224881e-01
   9.4393496e-01
   9.3662109e-01
   9.4304457e-01
   8.3382426e-01
   9.4395490e-01
   8.2754618e-01
   9.4244019e-01
   9.3978006e-01
   9.4347056e-01
   9.2621859e-01
   9.2944807e-01
   9.0741182e-01
   9.3607668e-01
   8.8282709e-01
   8.9920739e-01
   9.2518963e-01
   9.5035142e-01
   9.6761535e-01
   9.5863882e-01
   9.2145494e-01
   9.4527299e-01
   9.4279776e-01
   9.5341809e-01
   9.5158734e-01
   9.2716206e-01
   9.5307559e-01
   9.7609586e-01
   9.5273155e-01
   9.0554414e-01
   9.5155832e-01
   9.0605382e-01
   9.5775959e-01
   9.6723766e-01
   9.6510445e-01
   9.4965546e-01
   9.3857149e-01
   9.5293354e-01
   9.4365909e-01
   8.9010987e-01
   9.5228270e-01
   9.3915903e-01
   9.3420426e-01
   9.3976508e-01
   9.6983135e-01
   9.0554049e-01
   9.0544654e-01
   9.5385879e-01
   9.5702201e-01
   8.4932934e-01
   9.4108769e-01
   9.5925541e-01
   9.1073714e-01
   9.6387412e-01
   9.5796195e-01
   9.3572325e-01
   9.2958797e-01
   9.6379897e-01
   9.7451557e-01
   9.2851348e-01
   9.1240050e-01
   8.6784160e-01
   9.2975209e-01
   9.2819833e-01
   9.5660843e-01
   9.5192922e-01
   9.1698866e-01
   9.2766793e-01
   8.6273419e-01
   9.6284969e-01
   9.3935792e-01
   9.4624188e-01
   9.4069659e-01
   9.3864935e-01
   9.5101308e-01
   9.0056919e-01
   9.4955790e-01
   9.6135168e-01
   9.3108467e-01
   9.5835179e-01
   9.0048072e-01
   9.6102500e-01
   9.7327440e-01
   9.8527005e-01
   9.2644539e-01
   9.6008337e-01
   9.1551363e-01
   8.9331283e-01
   9.8292842e-01
   8.9826483e-01
   9.4569667e-01
   9.4213077e-01
   9.2521349e-01
   9.4637978e-01
   9.7117084e-01
   9.6274819e-01
   9.8433767e-01
   9.8165002e-01
   9.8347383e-01
   9.0606525e-01
   9.2633850e-01
   9.1656349e-01
   9.5812568e-01
   9.6048782e-01
   9.3437018e-01
   9.6307313e-01
   9.5950289e-01
   9.0413499e-01
   9.4337389e-01
   9.5742974e-01
   9.5439025e-01
   9.1748120e-01
   9.6586071e-01
   9.4953972e-01
   9.3501452e-01
   9.2892942e-01
   9.6813307e-01
   9.3277199e-01
   9.7591205e-01
   9.6812996e-01
   9.7565735e-01
   9.0831495e-01
   9.6577743e-01
   9.6355366e-01
   9.4584007e-01
   9.7920599e-01
   9.5327400e-01
   9.5039112e-01
   9.5523490e-01
   9.4587660e-01
   9.0673459e-01
   9.6436257e-01
   9.5781393e-01
   9.5502009e-01
   9.6396346e-01
   9.5889278e-01
   8.3703592e-01
   9.6273008e-01
   9.5651916e-01
   9.0406759e-01
   9.5088355e-01
   9.6285459e-01
   8.8401895e-01
   8.7452201e-01
   9.3532638e-01
   9.4947632e-01
   9.1880560e-01
   9.6714296e-01
   9.6763415e-01
   9.6679271e-01
   9.4825258e-01
   9.3823090e-01
   9.5303672e-01
   8.9821182e-01
   9.3941822e-01
   9.3936678e-01
   9.5520951e-01
   9.5773544e-01
   9.2667250e-01
   9.0119786e-01
   9.0776998e-01
   9.3637242e-01
   9.6471017e-01
   9.7907315e-01
   9.4068465e-01
   9.3534036e-01
   9.7021329e-01
   9.6982541e-01
   9.4736509e-01
   9.2306699e-01
   9.3848130e-01
   9.4084974e-01
   9.0805487e-01
   9.7220572e-01
   9.0478412e-01
   9.5587781e-01
   9.4660847e-01
   9.1833257e-01
   9.3858276e-01
   9.2430229e-01
   9.2778353e-01
   9.3926415e-01
   9.3003385e-01
   9.4311888e-01
   9.4873413e-01
   9.4318932e-01
   8.9299077e-01
   9.4405822e-01
   9.4383187e-01
   9.5899612e-01
   9.5207940e-01
   9.5190325e-01
   9.3945560e-01
   9.3996173e-01
   9.1958844e-01
   9.4411418e-01
   9.7732630e-01
   9.8751083e-01
   9.4361272e-01
   9.5587793e-01
   9.7499979e-01
   9.6646349e-01
   9.4785642e-01
   9.1135996e-01
   9.7825618e-01
   9.5977224e-01
   9.2867793e-01
   9.3941386e-01
   9.5498676e-01
   9.6516491e-01
   9.5064544e-01
   9.7079201e-01
   8.9974178e-01
   9.7528844e-01
   9.6544415e-01
   9.6918334e-01
   9.6602429e-01
   7.9301601e-01
   9.1726279e-01
   9.3545384e-01
   9.4606910e-01
   9.5155085e-01
   9.3844674e-01
   9.3620776e-01
   8.9735467e-01
   9.6251347e-01
   9.9195647e-01
   9.6675802e-01
   9.6743047e-01
   9.6375868e-01
   9.4947112e-01
   9.4436783e-01
   9.3441370e-01
   9.1245201e-01
   9.6848958e-01
   9.9900570e-01
   9.1935582e-01
   9.6645422e-01
   9.3665249e-01
   9.4321388e-01
   9.2388230e-01
   9.6761276e-01
   9.5797115e-01
   9.6082152e-01
   9.5887283e-01
   9.0016693e-01
   9.3900837e-01
   9.6059603e-01
   9.2932138e-01
   9.0236186e-01
   9.7136730e-01
   9.5105225e-01
   9.7335853e-01
   9.6329841e-01
   9.5897709e-01
   9.4433995e-01
   9.4041510e-01
   9.4429937e-01
   8.9418769e-01
   9.0086440e-01
   9.1946664e-01
   9.6348820e-01
   9.6063042e-01
   9.6062269e-01
   9.5318870e-01
   9.2902912e-01
   9.7119686e-01
   9.3445422e-01
   9.5098653e-01
   9.4124261e-01
   9.6908971e-01
   9.4241985e-01
   9.7351646e-01
   9.1793337e-01
   9.3004969e-01
   9.3336195e-01
   8.7198143e-01
   9.5936788e-01
   9.6172662e-01
   9.3255110e-01
   9.7193569e-01
   9.3156126e-01
   9.1525165e-01
   9.6465568e-01
   8.5639061e-01
   9.7050190e-01
   9.5983399e-01
   9.7450675e-01
   9.7474990e-01
   9.4085462e-01
   9.5567701e-01
   9.6596917e-01
   9.5531957e-01
   9.7872929e-01
   9.8459987e-01
   9.8942894e-01
   9.7052703e-01
   9.6883662e-01
   9.7980469e-01
   9.8115300e-01
   9.5126762e-01
   9.6373324e-01
   9.1507256e-01
   9.5141679e-01
   9.2086334e-01
   9.7510044e-01
   9.3454005e-01
   9.6300055e-01
   9.3681788e-01
   9.5018670e-01
   9.2691878e-01
   9.6959936e-01
   9.5972874e-01
   9.3638120e-01
   9.6172662e-01
   9.4238377e-01
   9.4393654e-01
   9.3184947e-01
   9.6835725e-01
   9.4593049e-01
   9.4289570e-01
   9.7051964e-01
   9.5296004e-01
   9.1379651e-01
   9.5097960e-01
   9.6259606e-01
   9.3756575e-01
   9.3788781e-01
   9.7196006e-01
   9.6636013e-01
   9.1569525e-01
   9.4248773e-01
   9.7721489e-01
   9.0093084e-01
   9.3696010e-01
   8.9675217e-01
   9.4239281e-01
   8.6425807e-01
   9.7041124e-01
   9.5916857e-01
   9.4521421e-01
   9.4023459e-01
   9.5023595e-01
   9.5496297e-01
   9.5623515e-01
   9.3036422e-01
   8.9952553e-01
   9.5380640e-01
   9.7467904e-01
   9.6882963e-01
   9.0327092e-01
   9.6043119e-01
   9.8375421e-01
   9.7874496e-01
   9.6486244e-01
   9.8448653e-01
   9.5510323e-01
   8.8197336e-01
   9.7514098e-01
   9.5544888e-01
   9.4118989e-01
   9.2006361e-01
   8.7668996e-01
   9.4404491e-01
   9.8776495e-01
   9.7141885e-01
   9.5649991e-01
   9.8174309e-01
   9.9035185e-01
   9.4640063e-01
   9.8436645e-01
   9.6907136e-01
   9.3130125e-01
   9.4631703e-01
   9.8776495e-01
   9.1421655e-01
   9.5652022e-01
   9.5894345e-01
   9.7651285e-01
   9.4725670e-01
   9.1121664e-01
   9.1018699e-01
   9.5941805e-01
   9.7577916e-01
   9.7582448e-01
   9.7986278e-01
   9.1518069e-01
   9.6253332e-01
   9.5764128e-01
   9.4897194e-01
   9.8265950e-01
   9.6765066e-01
   9.7340186e-01
   9.5089993e-01
   9.7103236e-01
   9.3995358e-01
   8.7413740e-01
   9.8585223e-01
   9.4062778e-01
   9.4273293e-01
   9.6413842e-01
   9.8560853e-01
   9.2905309e-01
   9.6294153e-01
   9.2761032e-01
   9.8343423e-01
   9.1223997e-01
   9.8895684e-01
   9.2573360e-01
   9.4891959e-01
   9.8160728e-01
   9.3703624e-01
   9.2918742e-01
   9.4578353e-01
   9.8721785e-01
   9.6274910e-01
   9.5009095e-01
   9.7293422e-01
   9.3758830e-01
   9.6408536e-01
   9.6949843e-01
   9.7730478e-01
   9.6570963e-01
   9.6673104e-01
   9.2395284e-01
   9.7610877e-01
   9.8193396e-01
   9.8146983e-01
   9.6449975e-01
   9.5849886e-01
   9.7973534e-01
   9.3581249e-01
   9.7984806e-01
   9.3777371e-01
   9.7292236e-01
   9.8130599e-01
   9.6971380e-01
   9.6256222e-01
   9.6182859e-01
   9.6278654e-01
   9.5138485e-01
   9.7362391e-01
   9.6232305e-01
   9.5414265e-01
   8.9992024e-01
   9.6366884e-01
   9.7423000e-01
   9.8014330e-01
   9.7228296e-01
   9.8595235e-01
   9.3408505e-01
   9.1935810e-01
   9.6451421e-01
   9.3882429e-01
   9.9054981e-01
   9.4021563e-01
   9.7264327e-01
   9.8768079e-01
   9.2348159e-01
   9.1926105e-01
   9.1498367e-01
   9.2751763e-01
   9.7720599e-01
   9.6287234e-01
   9.5732912e-01
   9.5472595e-01
   9.6550765e-01
   9.4271635e-01
   9.5157928e-01
   9.4261153e-01
   9.8171992e-01
   9.4843712e-01
   9.5051267e-01
   9.8594874e-01
   9.5146863e-01
   9.4585482e-01
   9.5851659e-01
   9.8977082e-01
   9.7093284e-01
   9.2458074e-01
   9.8848545e-01
   9.7336723e-01
   9.1240919e-01
   9.6957258e-01
   9.4320139e-01
   9.5971304e-01
   9.9872564e-01
   9.7078077e-01
   9.7347824e-01
   9.8269303e-01
   9.6901018e-01
   9.8053138e-01
   9.9154873e-01
   9.7517554e-01
   9.6394271e-01
   9.8168661e-01
   9.7754947e-01
   9.3681646e-01
   8.3650814e-01
   9.3647743e-01
   9.6944259e-01
   9.8325456e-01
   9.9041526e-01
   9.8924117e-01
   9.7815896e-01
   9.4799263e-01
   9.6904819e-01
   9.7547816e-01
   9.5547798e-01
   9.6925467e-01
   9.9362004e-01
   9.9073874e-01
   8.9148515e-01
   9.7934499e-01
   9.6406829e-01
   9.8385072e-01
   9.6576198e-01
   9.2535137e-01
   9.6044773e-01
   9.8988371e-01
   9.8776315e-01
   9.3640997e-01
   9.7921785e-01
   9.7059379e-01
   9.6468740e-01
   9.5902423e-01
   9.2715669e-01
   9.8349640e-01
   9.1835171e-01
   9.7969189e-01
   9.7347058e-01
   9.3340985e-01
   9.7383335e-01
   9.5620293e-01
   9.8139638e-01
   9.9240277e-01
   9.2603512e-01
   9.7628595e-01
   9.8700386e-01
   9.7040382e-01
   9.8118805e-01
   9.7899934e-01
   9.4691875e-01
   9.6498465e-01
   9.7437843e-01
   9.5416817e-01
   9.5519611e-01
   9.7270088e-01
   9.7581929e-01
   9.5643326e-01
   9.3896506e-01
   9.6834356e-01
   9.8725963e-01
   9.7942967e-01
   9.7909459e-01
   9.5558069e-01
   9.5896625e-01
   9.8027367e-01
   9.8888252e-01
   9.6655372e-01
   9.8021318e-01
   9.3599423e-01
   9.2818961e-01
   9.9245639e-01
   9.7463811e-01
   9.3229168e-01
   9.6733152e-01
   9.6954644e-01
   9.4704111e-01
   9.9416895e-01
   9.1060961e-01
   9.8068464e-01
   9.6351588e-01
   9.9635630e-01
   9.7140555e-01
   9.7021661e-01
   9.7698331e-01
   9.6634183e-01
   9.9735261e-01
   9.7287622e-01
   9.4451308e-01
   9.7627953e-01
   9.4716152e-01
   9.8647234e-01
   9.2379904e-01
   9.7821613e-01
   9.6614171e-01
   9.7926816e-01
   9.5999229e-01
   9.9621120e-01
   9.7155018e-01
   8.8770259e-01
   9.7002483e-01
   9.7770281e-01
   9.4972642e-01
   9.8859469e-01
   9.5235933e-01
   9.6704969e-01
   9.7024440e-01
   9.4978898e-01
   9.8398715e-01
   9.3026553e-01
   9.9182270e-01
   9.4577174e-01
   9.5111778e-01
   9.8841998e-01
   9.6240660e-01
   9.6065531e-01
   9.7593258e-01
   9.9292831e-01
   9.7546227e-01
   9.4113332e-01
   9.6344401e-01
   9.1315280e-01
   9.8060541e-01
   8.6987673e-01
   9.5895037e-01
   9.5499074e-01
   9.8269897e-01
   9.7450576e-01
   9.5203475e-01
   9.7822813e-01
   9.6269898e-01
   9.8889908e-01
   9.7329506e-01
   9.6571807e-01
   9.7615945e-01
   9.6915867e-01
   9.6412955e-01
   9.5991076e-01
   9.6374111e-01
   9.9186926e-01
   9.6564950e-01
   9.7173020e-01
   9.8810952e-01
   9.8323441e-01
   9.0361468e-01
   9.6153071e-01
   9.9228141e-01
   9.7552683e-01
   9.8594489e-01
   9.9605894e-01
   9.8313598e-01
   9.6882345e-01
   9.3162339e-01
   9.7340289e-01
   9.9393445e-01
   9.3257923e-01
   9.7325827e-01
   9.7540104e-01
   9.7569907e-01
   9.6248374e-01
   9.8502644e-01
   9.3047567e-01
   9.2223056e-01
   9.8064697e-01
   9.9272812e-01
   8.7660726e-01
   9.7979732e-01
   9.5635348e-01
   9.8914259e-01
   9.8607018e-01
   9.7743498e-01
   9.8748303e-01
   9.6190881e-01
   9.6704101e-01
   9.1597506e-01
   9.7131602e-01
   9.9609984e-01
   9.6273351e-01
   9.6130085e-01
   9.8441800e-01
   9.8135654e-01
   9.7921724e-01
   9.2992475e-01
   9.5848921e-01
   9.8675264e-01
   9.1655622e-01
   9.9332777e-01
   9.7211649e-01
   9.7155980e-01
   9.3598660e-01
   9.8224769e-01
   9.8496366e-01
   9.9545726e-01
   9.7880271e-01
   9.6488647e-01
   9.9587802e-01
   9.8423283e-01
   9.8952520e-01
   9.8168455e-01
   9.6557874e-01
   9.5216720e-01
   9.6217260e-01
   9.7635832e-01
   9.8468679e-01
   9.3341386e-01
   9.9005468e-01
   9.9677548e-01
   9.6840137e-01
   9.8259664e-01
   9.8274246e-01
   9.9459575e-01
   9.6374815e-01
   9.8546807e-01
   9.9515831e-01
   9.9631360e-01
   9.8902937e-01
   9.5655619e-01
   9.7205772e-01
   9.9642902e-01
   9.8521603e-01
   9.9411502e-01
   9.3675985e-01
   9.8657372e-01
   9.9283967e-01
   9.7903452e-01
   9.7754941e-01
   9.6271004e-01
   9.8259209e-01
   9.6809129e-01
   9.5504591e-01
   9.6830818e-01
   9.6193742e-01
   9.7574966e-01
   9.7598419e-01
   9.7213918e-01
   9.9149336e-01
   9.8148891e-01
   9.7086380e-01
   8.6507358e-01
   9.6662808e-01
   9.6683948e-01
   9.8378671e-01
   9.8234072e-01
   9.8484091e-01
   9.7977393e-01
   9.5840509e-01
   9.8657372e-01
   9.7468079e-01
   9.4318030e-01
   9.4564938e-01
   9.7743247e-01
   9.6373501e-01
   9.7770183e-01
   9.2380451e-01
   9.6728885e-01
   9.7782353e-01
   9.7689130e-01
   9.8873313e-01
   8.5816639e-01
   9.6553689e-01
   9.9766567e-01
   9.5421964e-01
   9.6921421e-01
   9.7949691e-01
   9.7958603e-01
   9.9428047e-01
   9.9429547e-01
   9.8207500e-01
   9.6479770e-01
   9.7088864e-01
   9.8355314e-01
   9.9321601e-01
   9.7469537e-01
   9.9853471e-01
   9.4305847e-01
   9.7988205e-01
   9.8760564e-01
   9.8376706e-01
   9.8761729e-01
   9.7419247e-01
   9.4886286e-01
   9.6610064e-01
   9.8043829e-01
   9.4529077e-01
   9.8676324e-01
   9.8687958e-01
   9.9024042e-01
   9.8451180e-01
   9.4577735e-01
   9.8141953e-01
   9.9324232e-01
   9.5596580e-01
   9.8612400e-01
   9.7270009e-01
   9.7480339e-01
   9.6055942e-01
   9.8212248e-01
   9.8435873e-01
   9.6575340e-01
   9.8199307e-01
   9.5683758e-01
   9.9366625e-01
   9.7285895e-01
   9.6634093e-01
   9.9582256e-01
   9.9275662e-01
   9.6652833e-01
   9.7646141e-01
   9.8298248e-01
   9.7344539e-01
   9.6854900e-01
   9.7347128e-01
   9.7764089e-01
   9.9754914e-01
   9.7715576e-01
   9.5310010e-01
   9.9401381e-01
   9.8565859e-01
   9.9706854e-01
   9.9221827e-01
   9.8333175e-01
   9.6818812e-01
   9.6964984e-01
   9.1962493e-01
   9.6265341e-01
   9.9135940e-01
   9.6230287e-01
   9.8377918e-01
   9.8745505e-01
   9.8994232e-01
   9.9693134e-01
   9.3450059e-01
   9.5997616e-01
   9.9181072e-01
   9.5723629e-01
   9.7983440e-01
   9.6647085e-01
   9.6710134e-01
   9.8380506e-01
   9.7558601e-01
   9.8506640e-01
   9.9849290e-01
   9.8211244e-01
   9.7298227e-01
   9.9202282e-01
   9.5849865e-01
   9.7312171e-01
   9.6510836e-01
   9.7552309e-01
   9.8720786e-01
   9.6709478e-01
   9.3238373e-01
   9.7670253e-01
   9.9441123e-01
   9.4523399e-01
   9.8335425e-01
   9.9207868e-01
   9.7397841e-01
   9.7501831e-01
   9.8858293e-01
   9.9808706e-01
   9.5547588e-01
   9.8673128e-01
   9.6262705e-01
   9.9234225e-01
   9.6431159e-01
   9.7545421e-01
   9.7651148e-01
   9.9791293e-01
   9.8057593e-01
   9.4474341e-01
   9.9286066e-01
   9.6187280e-01
   9.8724003e-01
   9.9912837e-01
   9.3112909e-01
   9.9429528e-01
   9.4383123e-01
   9.9362403e-01
   9.8573324e-01
   9.8907831e-01
   9.8636555e-01
   9.6299185e-01
   9.7294835e-01
   9.8759161e-01
   9.5331462e-01
   9.6187350e-01
   9.8991750e-01
   9.6880816e-01
   9.8616451e-01
   9.7864440e-01
   9.7571676e-01
   9.6422959e-01
   9.8705587e-01
   9.8510377e-01
   9.8334757e-01
   9.7325918e-01
   9.7963486e-01
   9.7104646e-01
   9.5725596e-01
   9.7720730e-01
   9.6227132e-01
   9.9768085e-01
   9.7611501e-01
   9.9076191e-01
   9.3774614e-01
   9.8283108e-01
   9.9747976e-01
   9.9957321e-01
   9.7682987e-01
   9.4510698e-01
   9.6460067e-01
   9.9186773e-01
   9.9045528e-01
   9.3683518e-01
   9.7923432e-01
   9.8069677e-01
   9.5796585e-01
   9.8677499e-01
   9.9558241e-01
   9.5882865e-01
   9.9139043e-01
   9.7998511e-01
   9.8767072e-01
   9.8494904e-01
   9.7215083e-01
   9.9217547e-01
   9.8295367e-01
   9.9367360e-01
   9.7668793e-01
   9.1768432e-01
   9.8887197e-01
   9.7707157e-01
   9.3982477e-01
   9.7764328e-01
   9.8550432e-01
   9.6585399e-01
   9.8803382e-01
   9.9787003e-01
   9.9390937e-01
   9.6514347e-01
   9.8601524e-01
   9.8687972e-01
   9.8886602e-01
   9.8091781e-01
   9.4085660e-01
   9.6194565e-01
   9.7288757e-01
   9.9760443e-01
   9.8069340e-01
   9.6780273e-01
   9.9648915e-01
   9.9060328e-01
   9.9335928e-01
   9.6428530e-01
   9.8527680e-01
   9.9396934e-01
   9.7284393e-01
   9.7043153e-01
   9.7413749e-01
   9.8403489e-01
   9.4484181e-01
   9.8815760e-01
   9.8265519e-01
   9.8296466e-01
   9.8886236e-01
   9.6833107e-01
   9.3944288e-01
   9.8207252e-01
   9.6047163e-01
   9.4894650e-01
   9.8238754e-01
   9.7035578e-01
   9.9704561e-01
   9.8241076e-01
   9.8837927e-01
