   8.1620834e-01
   7.9292228e-01
   7.2647419e-01
   7.0946162e-01
   6.6347760e-01
   7.3635373e-01
   7.6464509e-01
   7.4434973e-01
   7.9648197e-01
   7.7399806e-01
   8.1773280e-01
   6.8814443e-01
   7.9288964e-01
   8.1443571e-01
   7.6933885e-01
   7.6623858e-01
   8.5924771e-01
   7.2860790e-01
   3.8121486e-01
   6.4133663e-01
   8.0153274e-01
   6.7144754e-01
   7.8351419e-01
   6.6378016e-01
   7.0206573e-01
   7.9810370e-01
   8.1043764e-01
   7.1635489e-01
   7.4220740e-01
   7.3523777e-01
   8.5509577e-01
   8.3114667e-01
   8.1940351e-01
   5.5359595e-01
   4.5734766e-01
   8.2063822e-01
   8.0153549e-01
   8.3106290e-01
   8.7546164e-01
   8.3564693e-01
   8.3934615e-01
   7.8695991e-01
   7.5069896e-01
   8.5717016e-01
   7.6421849e-01
   8.6394897e-01
   7.2292313e-01
   8.7035750e-01
   7.1687240e-01
   8.2315739e-01
   8.6657442e-01
   7.5392842e-01
   7.8019405e-01
   6.7243669e-01
   8.3464361e-01
   7.8011054e-01
   7.8745781e-01
   7.9616199e-01
   8.7139152e-01
   8.2728193e-01
   8.2892473e-01
   8.2084485e-01
   8.0633205e-01
   8.6097167e-01
   7.7993866e-01
   8.2918314e-01
   7.6333745e-01
   8.2980572e-01
   7.9081708e-01
   8.6121502e-01
   8.6277464e-01
   6.8507320e-01
   8.6850218e-01
   7.7885260e-01
   7.8547729e-01
   7.9886521e-01
   7.0545156e-01
   7.5002682e-01
   7.5465332e-01
   7.0204408e-01
   8.0627848e-01
   7.9077054e-01
   8.3409854e-01
   7.3449138e-01
   7.5147492e-01
   8.6534018e-01
   8.5888696e-01
   8.8665190e-01
   8.4204483e-01
   7.5486454e-01
   8.0957008e-01
   8.4184126e-01
   8.8099340e-01
   8.6800177e-01
   8.5400004e-01
   7.8071769e-01
   8.9336503e-01
   8.5426753e-01
   8.2725390e-01
   8.4078358e-01
   7.5345851e-01
   6.6331562e-01
   8.4912676e-01
   6.9766370e-01
   8.2241561e-01
   7.6033937e-01
   7.6243256e-01
   8.2987727e-01
   8.0432374e-01
   8.2137796e-01
   8.1192303e-01
   8.6421722e-01
   8.3572787e-01
   8.2796634e-01
   8.1525891e-01
   7.8629689e-01
   8.3576081e-01
   7.9310621e-01
   8.5248251e-01
   8.6373705e-01
   8.2495810e-01
   8.5236792e-01
   8.8245520e-01
   8.4334288e-01
   8.7366966e-01
   8.4773336e-01
   8.9388399e-01
   7.0306030e-01
   7.5581017e-01
   8.3163917e-01
   8.2909993e-01
   8.1450637e-01
   7.5065659e-01
   8.0964477e-01
   8.4936796e-01
   7.9343184e-01
   8.0183214e-01
   8.2711071e-01
   8.9289159e-01
   8.0194284e-01
   7.5634726e-01
   6.8754287e-01
   7.9158356e-01
   6.1976277e-01
   7.3044998e-01
   7.2585172e-01
   8.5078152e-01
   8.8606216e-01
   9.0387362e-01
   7.7906996e-01
   8.4985677e-01
   8.3345125e-01
   8.1780976e-01
   8.7903879e-01
   8.6012310e-01
   8.6730856e-01
   8.2097601e-01
   8.1487261e-01
   8.8615026e-01
   8.1238270e-01
   6.7826244e-01
   8.2452166e-01
   8.6042380e-01
   7.1932283e-01
   8.8255921e-01
   7.6709937e-01
   8.3801091e-01
   8.2517181e-01
   9.0079061e-01
   7.9248176e-01
   8.5647153e-01
   8.8136493e-01
   8.9904905e-01
   8.6275689e-01
   8.8606582e-01
   8.2203565e-01
   8.3500159e-01
   8.8396438e-01
   8.2302193e-01
   8.4834743e-01
   8.7052576e-01
   8.0571393e-01
   8.7565616e-01
   8.2373284e-01
   8.0243300e-01
   7.6588361e-01
   8.1983389e-01
   8.1489310e-01
   8.1852677e-01
   7.9512448e-01
   8.1845449e-01
   8.9600166e-01
   8.7508039e-01
   8.3542291e-01
   8.2788760e-01
   8.0510112e-01
   8.8423144e-01
   8.5578695e-01
   9.0240080e-01
   7.2485673e-01
   8.7539995e-01
   7.1341187e-01
   8.4469801e-01
   7.3114952e-01
   9.1541160e-01
   9.0950005e-01
   8.6167698e-01
   6.9688026e-01
   8.9327919e-01
   8.3264303e-01
   8.1308622e-01
   8.6003038e-01
   9.1889786e-01
   8.9768815e-01
   8.6959252e-01
   8.8218199e-01
   8.8621300e-01
   8.5427625e-01
   8.1355131e-01
   7.6247910e-01
   8.0891334e-01
   8.0745502e-01
   8.3462494e-01
   8.6202647e-01
   7.9169772e-01
   8.8885933e-01
   8.2039183e-01
   8.0410723e-01
   8.7487685e-01
   8.5846953e-01
   8.0170489e-01
   9.0178502e-01
   7.9611604e-01
   8.3426737e-01
   8.9299703e-01
   8.5441718e-01
   8.9642133e-01
   8.4002161e-01
   7.8246860e-01
   8.0825951e-01
   8.6585138e-01
   8.9122623e-01
   8.1406820e-01
   8.3534876e-01
   8.7026956e-01
   8.5659493e-01
   7.8586054e-01
   8.6296008e-01
   8.1571464e-01
   7.8912222e-01
   8.2099549e-01
   8.1199322e-01
   7.8416668e-01
   9.0810146e-01
   8.9090254e-01
   8.8053473e-01
   8.9177619e-01
   8.7725106e-01
   6.9613894e-01
   8.3205602e-01
   8.8856670e-01
   8.0362726e-01
   8.4321713e-01
   9.0812835e-01
   8.8823082e-01
   8.5909669e-01
   9.0086189e-01
   8.7265891e-01
   7.1688090e-01
   8.7727146e-01
   8.1566058e-01
   9.2473174e-01
   8.4803616e-01
   8.5614836e-01
   9.0082904e-01
   6.9500822e-01
   9.1158471e-01
   9.1436513e-01
   8.3109726e-01
   9.0717886e-01
   8.4787034e-01
   8.6431358e-01
   8.9775865e-01
   9.0874099e-01
   9.0797074e-01
   8.9219719e-01
   8.9022844e-01
   9.1644151e-01
   8.2385182e-01
   8.4027620e-01
   8.9349366e-01
   8.6739609e-01
   7.9662379e-01
   8.4321706e-01
   8.5239606e-01
   8.9410083e-01
   8.1969581e-01
   8.6463896e-01
   9.0323827e-01
   9.1120691e-01
   8.5300544e-01
   8.8563248e-01
   8.6399000e-01
   8.8668190e-01
   8.2051967e-01
   8.6083516e-01
   8.9431974e-01
   8.5566583e-01
   8.8652776e-01
   8.5220397e-01
   7.8783054e-01
   8.8913397e-01
   8.8658051e-01
   8.7172740e-01
   7.5503540e-01
   8.9019188e-01
   9.0091107e-01
   8.6782132e-01
   8.9310749e-01
   9.0220851e-01
   8.4346103e-01
   8.3684121e-01
   8.4813039e-01
   8.5406760e-01
   8.4983947e-01
   8.4669568e-01
   8.7990634e-01
   8.1404820e-01
   9.1349264e-01
   9.0185497e-01
   8.8257386e-01
   8.3930616e-01
   8.7001003e-01
   8.0241230e-01
   8.1135226e-01
   9.2236560e-01
   8.3662487e-01
   8.2303187e-01
   8.2462965e-01
   8.5565329e-01
   8.8003132e-01
   8.7757984e-01
   8.6500046e-01
   8.4878092e-01
   8.6544159e-01
   8.9421464e-01
   8.2914495e-01
   7.8937430e-01
   9.1811135e-01
   8.6769020e-01
   8.0854723e-01
   9.0213158e-01
   8.6403696e-01
   8.1689843e-01
   8.7872083e-01
   9.1415931e-01
   8.6886567e-01
   7.9738540e-01
   8.9893937e-01
   9.2589325e-01
   7.7390316e-01
   8.6440418e-01
   7.8397944e-01
   7.7958893e-01
   9.0617735e-01
   8.5726796e-01
   8.3959962e-01
   8.3830347e-01
   8.6466246e-01
   8.5899795e-01
   8.8490458e-01
   8.4513386e-01
   8.3339555e-01
   9.1695257e-01
   8.1861040e-01
   9.0132896e-01
   8.9717038e-01
   8.6228057e-01
   8.0262811e-01
   8.6959085e-01
   7.8230080e-01
   9.2846000e-01
   9.0911686e-01
   7.8679811e-01
   8.6565539e-01
   8.7034389e-01
   8.9088353e-01
   9.2419525e-01
   9.1117439e-01
   9.2179213e-01
   8.4697746e-01
   9.0872172e-01
   9.0642639e-01
   8.8080342e-01
   8.2518610e-01
   9.1349370e-01
   9.0491125e-01
   9.4194255e-01
   8.5671695e-01
   9.2668577e-01
   8.7951913e-01
   8.8588561e-01
   9.0432021e-01
   8.7757816e-01
   9.1020869e-01
   8.3287846e-01
   8.7574889e-01
   9.0461230e-01
   8.8900139e-01
   8.9067011e-01
   8.6902355e-01
   8.8610255e-01
   8.9032701e-01
   8.8418387e-01
   8.3725843e-01
   9.2396733e-01
   8.8510384e-01
   9.0868741e-01
   8.2136400e-01
   9.0401866e-01
   8.7454569e-01
   8.3711071e-01
   8.1290742e-01
   8.6091040e-01
   7.7932169e-01
   9.1208866e-01
   8.7091672e-01
   8.9327972e-01
   9.0367502e-01
   9.1879063e-01
   8.4823130e-01
   8.7422604e-01
   8.9566321e-01
   8.8309040e-01
   9.1099565e-01
   8.8241294e-01
   9.2100782e-01
   8.8882338e-01
   8.3763906e-01
   8.9249498e-01
   8.4038008e-01
   8.5808030e-01
   9.1838796e-01
   8.4500109e-01
   9.0056827e-01
   8.8761202e-01
   9.4585218e-01
   9.2611869e-01
   8.9162179e-01
   7.1799571e-01
   9.1097219e-01
   8.6876845e-01
   9.0744108e-01
   8.0838376e-01
   8.5486888e-01
   9.0538459e-01
   8.8759226e-01
   9.1195972e-01
   8.4429117e-01
   8.5218603e-01
   8.7160937e-01
   9.2931507e-01
   8.9553692e-01
   8.5728638e-01
   8.5130491e-01
   7.8313589e-01
   9.1318564e-01
   8.7587537e-01
   8.7485734e-01
   8.9522839e-01
   8.6939289e-01
   9.0987945e-01
   7.2965985e-01
   8.6239328e-01
   8.7596014e-01
   9.1966857e-01
   8.5966007e-01
   7.0236565e-01
   7.9174501e-01
   8.3579097e-01
   8.5126738e-01
   9.2115529e-01
   9.1116036e-01
   8.5731910e-01
   7.7870906e-01
   8.5611630e-01
   8.8843304e-01
   8.7536255e-01
   8.7634109e-01
   8.3881721e-01
   8.7871582e-01
   8.7771689e-01
   8.5103860e-01
   7.5996688e-01
   8.8884376e-01
   8.9465957e-01
   8.1186403e-01
   8.7442142e-01
   8.8830507e-01
   8.8503044e-01
   8.3498780e-01
   9.0510903e-01
   9.3897257e-01
   8.8103386e-01
   8.7210749e-01
   9.1492705e-01
   8.6206990e-01
   9.1916293e-01
   8.9966915e-01
   9.0212500e-01
   9.2489424e-01
   8.8644976e-01
   9.0031297e-01
   7.7554343e-01
   8.6541155e-01
   9.3092613e-01
   9.2677600e-01
   8.9243477e-01
   9.4621467e-01
   8.6749638e-01
   8.7292873e-01
   9.2507419e-01
   9.0925615e-01
   9.1373605e-01
   9.4982887e-01
   8.8304743e-01
   8.7067613e-01
   8.6960221e-01
   8.7292873e-01
   8.3308302e-01
   8.4618930e-01
   9.3047584e-01
   8.4552310e-01
   8.8572004e-01
   9.1035105e-01
   8.5455029e-01
   8.3633817e-01
   9.0007361e-01
   9.0812217e-01
   9.0281163e-01
   8.6568032e-01
   9.0738815e-01
   9.2666769e-01
   8.7931679e-01
   7.6307101e-01
   8.6707066e-01
   8.4452563e-01
   9.0349012e-01
   9.2694083e-01
   9.3655142e-01
   8.2282306e-01
   9.0393115e-01
   9.0715109e-01
   8.8198209e-01
   8.4068407e-01
   9.0697309e-01
   8.8217584e-01
   9.1428151e-01
   8.0312901e-01
   8.9660858e-01
   9.3870360e-01
   9.1733564e-01
   6.7290487e-01
   8.4647277e-01
   9.3052166e-01
   9.2289108e-01
   8.5065920e-01
   9.3180334e-01
   8.8040965e-01
   9.1286641e-01
   8.9039827e-01
   8.4319902e-01
   8.6479363e-01
   8.8185835e-01
   9.2633507e-01
   8.8646515e-01
   8.7141802e-01
   9.0918078e-01
   9.1679378e-01
   9.1342936e-01
   8.9967230e-01
   8.6511006e-01
   9.1622670e-01
   8.2689692e-01
   8.6134667e-01
   8.5260867e-01
   9.2184772e-01
   8.7082580e-01
   8.9660116e-01
   9.2582868e-01
   8.4284411e-01
   9.2279858e-01
   8.6801963e-01
   8.4137500e-01
   8.4760852e-01
   9.2381189e-01
   8.2834505e-01
   9.1552719e-01
   7.8348945e-01
   8.4002140e-01
   9.0504120e-01
   9.1754613e-01
   8.4661077e-01
   8.9412824e-01
   9.0609845e-01
   9.2350565e-01
   8.7998128e-01
   8.3909008e-01
   8.7867091e-01
   7.6565110e-01
   9.3351427e-01
   9.3615311e-01
   8.2050787e-01
   9.2902569e-01
   8.5896660e-01
   8.1627902e-01
   8.9147995e-01
   9.1065001e-01
   9.3022464e-01
   7.7347346e-01
   9.0389057e-01
   8.9625216e-01
   8.8645713e-01
   8.9818652e-01
   7.7852488e-01
   8.6663417e-01
   8.8464411e-01
   9.2803219e-01
   8.7320241e-01
   9.0924287e-01
   8.1951472e-01
   8.7096543e-01
   9.0307335e-01
   9.1370260e-01
   8.8140018e-01
   8.8536406e-01
   8.8197264e-01
   9.2458742e-01
   9.1515225e-01
   8.9749623e-01
   7.9776799e-01
   8.6084387e-01
   8.6213636e-01
   9.0315747e-01
   8.9037151e-01
   7.5202712e-01
   8.6258507e-01
   8.4358021e-01
   8.5836000e-01
   9.4191851e-01
   9.1759167e-01
   8.3359115e-01
   8.7710363e-01
   9.3049649e-01
   9.6038823e-01
   8.9219013e-01
   9.1537121e-01
   8.7153393e-01
   8.6228246e-01
   9.5388312e-01
   7.8496942e-01
   8.8035759e-01
   8.7027419e-01
   8.5606978e-01
   8.8138580e-01
   9.0797260e-01
   8.6402745e-01
   8.7178697e-01
   9.0210494e-01
   8.9277731e-01
   9.1934778e-01
   8.3668784e-01
   8.9814008e-01
   8.9692363e-01
   8.8820353e-01
   9.0363820e-01
   8.7166043e-01
   9.2305724e-01
   9.3576551e-01
   9.1008299e-01
   9.4784129e-01
   9.1816656e-01
   8.7019922e-01
   8.8547759e-01
   8.7469631e-01
   9.2985188e-01
   9.1359741e-01
   9.1402609e-01
   8.8627315e-01
   9.3231524e-01
   9.3740926e-01
   9.2032086e-01
   9.3066523e-01
   9.2946060e-01
   9.5042295e-01
   8.6976289e-01
   8.9465102e-01
   8.7341918e-01
   9.4966415e-01
   9.3048141e-01
   8.5536693e-01
   9.1111983e-01
   9.3470120e-01
   8.8842583e-01
   9.3733322e-01
   9.0168293e-01
   9.2028584e-01
   9.4281418e-01
   9.3140214e-01
   8.7323823e-01
   9.4554149e-01
   9.2211111e-01
   8.9470885e-01
   8.3364742e-01
   9.5063961e-01
   9.1110683e-01
   8.8116483e-01
   9.3683304e-01
   9.4145221e-01
   9.3674947e-01
   8.6024579e-01
   9.4279244e-01
   8.9524753e-01
   8.3742007e-01
   8.9170144e-01
   9.2893135e-01
   8.6965730e-01
   9.4446291e-01
   8.9434623e-01
   8.9610191e-01
   8.2752384e-01
   9.0526778e-01
   8.4696719e-01
   9.0400509e-01
   9.0861139e-01
   9.1482482e-01
   9.2931909e-01
   8.5361608e-01
   9.0662345e-01
   9.1885317e-01
   8.8080302e-01
   9.1648644e-01
   9.3626504e-01
   8.4776780e-01
   9.7421444e-01
   9.1871957e-01
   9.0619640e-01
   8.5134920e-01
   9.4618041e-01
   9.1229395e-01
   9.1231112e-01
   9.2325125e-01
   9.0487500e-01
   9.2596357e-01
   8.6954250e-01
   9.0796078e-01
   8.8976434e-01
   8.8021575e-01
   9.1097860e-01
   9.2552600e-01
   8.3802360e-01
   9.1919271e-01
   9.0966298e-01
   9.0633455e-01
   9.3011003e-01
   9.2548952e-01
   8.8694646e-01
   9.0028610e-01
   8.6370522e-01
   8.9872969e-01
   9.2298397e-01
   9.0838554e-01
   8.9042943e-01
   9.1816922e-01
   8.4205877e-01
   8.9360411e-01
   9.2316913e-01
   8.0976224e-01
   9.1598103e-01
   8.7675647e-01
   8.1091297e-01
   9.1894939e-01
   9.2911488e-01
   9.3111764e-01
   9.3945023e-01
   9.3394008e-01
   9.2683860e-01
   9.2377210e-01
   8.8598132e-01
   8.7426229e-01
   8.7219720e-01
   8.8508250e-01
   9.0184178e-01
   9.3452808e-01
   9.2141985e-01
   9.2943907e-01
   9.0620925e-01
   9.4155114e-01
   9.2904228e-01
   8.7531411e-01
   9.1711887e-01
   9.3277937e-01
   8.9941998e-01
   8.8831865e-01
   9.2261561e-01
   9.1874868e-01
   9.1986195e-01
   9.1564728e-01
   8.9199752e-01
   8.2535155e-01
   9.1709656e-01
   9.1340466e-01
   9.0668280e-01
   9.4829419e-01
   9.3056612e-01
   9.2125811e-01
   8.5510011e-01
   8.8827496e-01
   9.6109555e-01
   8.9598191e-01
   9.1780058e-01
   9.1933039e-01
   8.8826081e-01
   9.3936040e-01
   9.5864231e-01
   9.1823428e-01
   9.5616630e-01
   9.2064362e-01
   9.4262206e-01
   9.2891293e-01
   9.7812188e-01
   9.0860776e-01
   8.2329818e-01
   9.1254649e-01
   8.9099922e-01
   9.5968996e-01
   9.3006776e-01
   9.5564759e-01
   8.4240398e-01
   8.6338255e-01
   9.1943483e-01
   8.2899719e-01
   9.4865153e-01
   9.1272496e-01
   9.2004389e-01
   9.3257586e-01
   9.2209006e-01
   8.1529392e-01
   9.4411759e-01
   9.2620265e-01
   8.8586778e-01
   9.4246655e-01
   9.3133095e-01
   8.8550991e-01
   8.5836897e-01
   9.3224813e-01
   9.3877017e-01
   8.3833605e-01
   8.5716516e-01
   8.9837962e-01
   9.3768981e-01
   8.7638923e-01
   8.8447490e-01
   9.2889656e-01
   9.1794513e-01
   9.1740842e-01
   9.0739818e-01
   9.1961265e-01
   9.4163717e-01
   9.1981287e-01
   9.3137013e-01
   8.9313947e-01
   9.3370380e-01
   9.2487591e-01
   8.7293537e-01
   8.7523806e-01
   9.1655817e-01
   9.3753502e-01
   9.3121895e-01
   9.0210583e-01
   8.8915622e-01
   9.2070010e-01
   9.4349656e-01
   9.0240758e-01
   8.7944655e-01
   8.6878704e-01
   8.9575740e-01
   8.9687321e-01
   9.2993040e-01
   9.6587414e-01
   9.0704144e-01
   9.2639624e-01
   9.2260781e-01
   8.8718776e-01
   9.3814543e-01
   9.3276035e-01
   8.9797881e-01
   9.2423462e-01
   8.1485707e-01
   9.3399273e-01
   9.2193949e-01
   9.5086566e-01
   8.9604035e-01
   8.9182985e-01
   9.4660230e-01
   9.1314640e-01
   9.1181004e-01
   9.0875151e-01
   9.1048800e-01
   9.0871670e-01
   8.9622587e-01
   9.1667629e-01
   8.9853612e-01
   9.2742722e-01
   9.4264483e-01
   9.4872228e-01
   8.9627137e-01
   8.5569451e-01
   9.4715352e-01
   9.2459918e-01
   9.2727947e-01
   9.1283998e-01
   9.0789743e-01
   9.1309200e-01
   9.5522429e-01
   9.0262242e-01
   9.2669759e-01
   9.3793286e-01
   9.1650625e-01
   8.6148032e-01
   9.3528700e-01
   9.1738184e-01
   8.4056161e-01
   8.9892297e-01
   9.2780407e-01
   9.5080280e-01
   9.5435230e-01
   7.8973521e-01
   8.9714515e-01
   9.0523359e-01
   9.3519973e-01
   9.4051761e-01
   9.0027002e-01
   9.4673964e-01
   9.5751593e-01
   9.5817031e-01
   9.3315775e-01
   8.8458100e-01
   8.8366375e-01
   8.8464791e-01
   9.0986229e-01
   9.2702123e-01
   9.1541608e-01
   8.7436484e-01
   9.4832151e-01
   9.3660305e-01
   9.1240050e-01
   9.0352435e-01
   9.3299670e-01
   9.4145345e-01
   8.9100872e-01
   9.1338437e-01
   9.6077724e-01
   9.1953924e-01
   8.8768085e-01
   8.4942898e-01
   9.1161072e-01
   9.0551261e-01
   9.0622861e-01
   9.1272898e-01
   8.5380244e-01
   8.9522538e-01
   8.8639508e-01
   8.6325682e-01
   9.2288759e-01
   9.3659745e-01
   9.2373429e-01
   9.4121311e-01
   9.1976673e-01
   9.3249343e-01
   8.5102656e-01
   9.2001064e-01
   9.5703792e-01
   9.3602691e-01
   9.1684706e-01
   9.2205300e-01
   9.1124090e-01
   9.0495908e-01
   8.8041897e-01
   9.3248745e-01
   9.2686119e-01
   9.4446484e-01
   9.1050522e-01
   9.3216539e-01
   8.9373926e-01
   9.6083561e-01
   9.7300241e-01
   9.0046179e-01
   9.2474449e-01
   9.3956025e-01
   9.1862021e-01
   9.4578198e-01
   9.4190710e-01
   9.2601013e-01
   9.0189769e-01
   9.4769726e-01
   9.5800035e-01
   9.0748109e-01
   8.6999403e-01
   9.6714375e-01
   9.5074649e-01
   9.4338918e-01
   8.5937942e-01
   9.4821564e-01
   9.2559706e-01
   9.2678642e-01
   8.8936517e-01
   9.0960071e-01
   8.6415848e-01
   8.9767103e-01
   8.9457635e-01
   9.1818294e-01
   9.4634628e-01
   9.5951610e-01
   9.1307112e-01
   9.5822596e-01
   8.5096631e-01
   9.0012051e-01
   8.8134278e-01
   9.3685492e-01
   9.1479172e-01
   9.1855839e-01
   9.2666181e-01
   9.1362025e-01
   9.5877792e-01
   9.5521317e-01
   9.1518727e-01
   9.2175540e-01
   8.1788555e-01
   9.3768590e-01
   8.9423638e-01
   9.4636426e-01
   8.6031144e-01
   9.1012716e-01
   9.2269983e-01
   9.3540405e-01
   9.4962725e-01
   8.6180642e-01
   9.2969993e-01
   9.1897383e-01
   9.3278546e-01
   9.1670442e-01
   9.3492698e-01
   9.1937107e-01
   9.7722632e-01
   9.0328252e-01
   9.2328908e-01
   9.3642620e-01
   9.4585573e-01
   9.4756275e-01
   9.6195061e-01
   9.6026512e-01
   9.4382610e-01
   8.7932492e-01
   9.0079341e-01
   9.4527045e-01
   9.4571823e-01
   8.0991804e-01
   9.1062550e-01
   9.2958916e-01
   8.7305668e-01
   9.5937585e-01
   9.5283122e-01
   9.2805370e-01
   9.2501992e-01
   9.2967716e-01
   8.7416669e-01
   9.6269067e-01
   9.1398532e-01
   9.6024267e-01
   9.2541884e-01
   9.3184716e-01
   9.1438187e-01
   8.9846692e-01
   9.6612275e-01
   9.2722348e-01
   9.4708720e-01
   8.8198979e-01
   9.2300823e-01
   9.0586920e-01
   9.4409079e-01
   9.3752778e-01
   9.6045998e-01
   9.7650603e-01
   9.4532562e-01
   9.4897510e-01
   8.9779930e-01
   8.9473621e-01
   9.2312753e-01
   9.2820775e-01
   9.4312234e-01
   9.2185537e-01
   8.3145885e-01
   8.8400004e-01
   9.3042651e-01
   9.3334988e-01
   9.1060278e-01
   9.2877722e-01
   9.5185595e-01
   9.3255341e-01
   9.6277893e-01
   9.3667171e-01
   9.7146377e-01
   8.0555096e-01
   9.5434017e-01
   9.6041710e-01
   9.2835340e-01
   9.3847327e-01
   9.5873563e-01
   9.4322481e-01
   9.5743126e-01
   9.0499081e-01
   9.1591631e-01
   9.7608995e-01
   9.6789433e-01
   9.3897494e-01
   8.5614463e-01
   9.3464535e-01
   9.6103014e-01
   9.1616176e-01
   9.1766998e-01
   9.2645626e-01
   9.4963014e-01
   9.6595574e-01
   8.8230784e-01
   9.2342106e-01
   9.7493206e-01
   8.4380666e-01
   9.5209227e-01
   8.8691648e-01
   9.2629078e-01
   9.0424473e-01
   9.5886285e-01
   9.2302320e-01
   9.6150737e-01
   9.1853563e-01
   9.4622710e-01
   9.5738915e-01
   8.7949080e-01
   8.8358464e-01
   9.4114870e-01
   9.3773157e-01
   9.1433308e-01
   8.5396356e-01
   8.7153346e-01
   9.4457350e-01
   9.1180720e-01
   8.7272139e-01
   9.4655831e-01
   9.2223253e-01
   9.1950405e-01
   8.6314384e-01
   9.2307833e-01
   9.2739847e-01
   9.3849994e-01
   8.8471167e-01
   8.8015013e-01
   9.4662944e-01
   8.7276775e-01
   9.4619446e-01
   9.3820899e-01
   9.1903769e-01
   9.5567399e-01
   9.3719639e-01
   9.3864927e-01
   9.5368479e-01
   9.4146411e-01
   9.5517837e-01
   8.4997301e-01
   9.2926294e-01
   9.0030316e-01
   9.5148736e-01
   9.3559280e-01
   9.7565735e-01
   9.7039955e-01
   9.4072337e-01
   8.9641261e-01
   9.5296644e-01
   9.3246484e-01
   9.3324822e-01
   9.6059414e-01
   9.4692528e-01
   9.2722183e-01
   9.4902688e-01
   8.6845569e-01
   9.4323412e-01
   9.3246319e-01
   9.4306600e-01
   9.4526693e-01
   8.5623419e-01
   8.8552467e-01
   9.5233843e-01
   9.6671871e-01
   9.5147307e-01
   9.3958641e-01
   9.2661008e-01
   9.2504100e-01
   9.7630007e-01
   9.1873452e-01
   9.4582080e-01
   9.0833372e-01
   9.7641937e-01
   9.2563088e-01
   9.5735120e-01
   9.6861343e-01
   9.1193614e-01
   9.1842659e-01
   9.4892716e-01
   9.5600715e-01
   9.3760695e-01
   9.0931999e-01
   8.4877579e-01
   9.9368875e-01
   9.1392830e-01
   9.5828383e-01
   8.9753065e-01
   9.1458825e-01
   9.7606400e-01
   9.7195407e-01
   9.2502280e-01
   9.5850573e-01
   9.2630048e-01
   9.2791168e-01
   9.4748836e-01
   9.3541451e-01
   9.4656977e-01
   9.3596309e-01
   8.5600862e-01
   9.4716507e-01
   9.6341022e-01
   8.6653071e-01
   9.3540249e-01
   9.2355736e-01
   9.6059746e-01
   9.7218929e-01
   9.3139319e-01
   9.4778923e-01
   9.6672858e-01
   9.1998502e-01
   9.8146273e-01
   9.6986962e-01
   9.3731479e-01
   9.2112336e-01
   8.9930807e-01
   9.2227613e-01
   8.6999068e-01
   9.3089446e-01
   9.3935820e-01
   8.5398646e-01
   9.4870613e-01
   9.4775536e-01
   9.6798686e-01
   9.3985934e-01
   9.4607005e-01
   9.0527737e-01
   9.2368253e-01
   9.5381738e-01
   9.5191147e-01
   9.2791924e-01
   9.2366355e-01
   9.5694722e-01
   9.3574554e-01
   9.4867773e-01
   9.7386243e-01
   9.3906077e-01
   9.3692930e-01
   9.1233309e-01
   9.0306871e-01
   9.3969936e-01
   9.8425975e-01
   9.1948246e-01
   8.8020993e-01
   9.5313261e-01
   9.6162287e-01
   8.8519167e-01
   9.3073821e-01
   9.1180593e-01
   9.0304016e-01
   9.1914627e-01
   9.7424276e-01
   9.1010881e-01
   9.0977264e-01
   9.3723589e-01
   9.3897329e-01
   9.2074270e-01
   9.4545849e-01
   9.2289157e-01
   9.6134434e-01
   9.3541215e-01
   9.1294407e-01
   9.1091261e-01
   9.6966363e-01
   9.1899404e-01
   9.4735830e-01
   9.5936785e-01
   9.6110103e-01
   9.6337996e-01
   9.1102511e-01
   9.5577850e-01
   9.7031980e-01
   9.4360117e-01
   9.8470587e-01
   9.7481451e-01
   9.6936711e-01
   8.2825853e-01
   8.5602180e-01
   9.1353125e-01
   9.6217180e-01
   9.6835287e-01
   9.7806858e-01
   9.2280683e-01
   9.3251387e-01
   9.6747969e-01
   9.2890211e-01
   9.4715039e-01
   9.0260326e-01
   9.3236393e-01
   9.8521892e-01
   9.7476400e-01
   9.7575960e-01
   8.6216810e-01
   9.4694365e-01
   9.0558609e-01
   9.4717240e-01
   9.3580667e-01
   8.6710516e-01
   9.0182324e-01
   8.9388191e-01
   9.3444923e-01
   9.6624995e-01
   9.5046113e-01
   9.7735937e-01
   9.4179761e-01
   9.1634186e-01
   9.6057349e-01
   9.7833452e-01
   9.4765423e-01
   9.4878285e-01
   9.5949363e-01
   9.4060109e-01
   8.6458194e-01
   9.0139803e-01
   9.6378572e-01
   9.4803647e-01
   9.5317896e-01
   9.4015401e-01
   8.8061048e-01
   9.4193822e-01
   9.4157560e-01
   9.4637119e-01
   9.4099727e-01
   9.7588687e-01
   9.2684371e-01
   8.9017130e-01
   9.5781643e-01
   9.5431692e-01
   9.5771118e-01
   9.4695677e-01
   9.1079013e-01
   9.5282847e-01
   9.4128283e-01
   9.5908382e-01
   9.5071056e-01
   9.4454823e-01
   9.6796483e-01
   9.3184697e-01
   9.5627649e-01
   8.9175963e-01
   9.5427345e-01
   9.6909951e-01
   9.4145032e-01
   9.2922914e-01
   9.1343698e-01
   9.4807013e-01
   9.6017584e-01
   9.4536954e-01
   9.2497550e-01
   9.0017802e-01
   9.2407500e-01
   9.2450088e-01
   9.3914758e-01
   9.3135780e-01
   9.2638252e-01
   8.8306954e-01
   9.5497545e-01
   8.5925032e-01
   8.9292263e-01
   9.1000622e-01
   9.4513967e-01
   9.1643543e-01
   9.6347352e-01
   9.4014971e-01
   9.6354330e-01
   9.4828745e-01
   9.8835812e-01
   9.3019162e-01
   9.4918746e-01
   9.1222642e-01
   9.3005185e-01
   9.5924486e-01
   9.4395985e-01
   9.6108312e-01
   9.3513868e-01
   9.3770757e-01
   8.9653761e-01
   9.6428547e-01
   9.6643048e-01
   9.3663246e-01
   9.3743573e-01
   9.2577982e-01
   9.6460672e-01
   9.2617787e-01
   9.4817783e-01
   9.1059911e-01
   9.5186287e-01
   9.3917736e-01
   9.5218271e-01
   9.5080637e-01
   9.2863556e-01
   9.4813078e-01
   9.7988793e-01
   9.1672233e-01
   9.1749176e-01
   9.3096112e-01
   9.5908578e-01
   9.9440886e-01
   9.4828331e-01
   9.6693339e-01
   9.7642303e-01
   9.4288465e-01
   9.5622860e-01
   9.3828692e-01
   9.1882079e-01
   9.5412265e-01
   8.8957230e-01
   9.1674937e-01
   9.4869648e-01
   9.4722030e-01
   9.2075002e-01
   9.2414247e-01
   9.1111469e-01
   9.1782607e-01
   9.0766360e-01
   9.7594593e-01
   9.5890056e-01
   9.8192667e-01
   9.8009865e-01
   9.6932917e-01
   9.3785211e-01
   9.6659807e-01
   9.5360513e-01
   9.7999856e-01
   9.5370321e-01
   9.6229238e-01
   9.3148984e-01
   9.6304337e-01
   9.0172361e-01
   9.7461993e-01
   9.7036688e-01
   9.5265773e-01
   9.8218054e-01
   9.4564900e-01
   9.7751204e-01
   9.7086831e-01
   9.6988377e-01
   9.0712469e-01
   9.1213239e-01
   9.3555527e-01
   9.2468632e-01
   9.3056597e-01
   9.2147306e-01
   9.7478540e-01
   9.4617629e-01
   9.4591227e-01
   8.2606949e-01
   9.7740984e-01
   9.4402148e-01
   9.4846381e-01
   9.8073651e-01
   9.6122873e-01
   9.6626198e-01
   8.8236061e-01
   9.3926776e-01
   9.6796181e-01
   9.5694435e-01
   9.8028708e-01
   8.7041196e-01
   9.6487765e-01
   9.2054458e-01
   9.6191946e-01
   8.9113952e-01
   9.3842509e-01
   9.6322907e-01
   9.5098231e-01
   9.3175202e-01
   9.5712045e-01
   9.5061156e-01
   9.1733179e-01
   9.7429008e-01
   9.5273010e-01
   8.4613424e-01
   9.5737208e-01
   9.8379613e-01
   9.8063381e-01
   9.4615479e-01
   8.2229296e-01
   9.2997879e-01
   9.5104802e-01
   9.0994076e-01
   9.5599630e-01
   9.8380668e-01
   9.7101278e-01
   9.7433259e-01
   9.2117692e-01
   9.5136406e-01
   9.5948213e-01
   9.8416202e-01
   9.7006638e-01
   9.6325484e-01
   9.2668230e-01
   9.5311581e-01
   9.9497906e-01
   9.3409108e-01
   9.4622796e-01
   9.3892630e-01
   9.7783838e-01
   8.9754990e-01
   9.4133152e-01
   9.4841526e-01
   8.9646318e-01
   9.6124372e-01
   9.5219760e-01
   9.5157420e-01
   9.7682692e-01
   9.4603537e-01
   9.3434848e-01
   9.4920559e-01
   9.9075864e-01
   8.5916334e-01
   9.6042042e-01
   9.4120135e-01
   9.7775963e-01
   9.5475529e-01
   9.4088015e-01
   9.3736321e-01
   9.1709264e-01
   9.5859522e-01
   9.6791428e-01
   9.6812631e-01
   9.4642157e-01
   9.2902025e-01
   9.5218731e-01
   9.0477138e-01
   9.5944007e-01
   9.7801142e-01
   9.5366505e-01
   9.4509868e-01
   9.0539017e-01
   9.4180719e-01
   9.8092653e-01
   9.6040762e-01
   9.6899696e-01
   9.6509782e-01
   9.3531700e-01
   9.7337334e-01
   9.2046232e-01
   9.5976159e-01
   9.5852903e-01
   9.6274125e-01
   9.7089831e-01
   9.7684032e-01
   9.7553796e-01
   9.7289952e-01
   9.8245623e-01
   9.2293818e-01
   8.8553607e-01
   9.8408415e-01
   9.8444619e-01
   9.4856750e-01
   9.6814505e-01
   9.7934487e-01
   9.0010493e-01
   8.8213283e-01
   9.2146666e-01
   9.5647634e-01
   9.3818589e-01
   9.1609848e-01
   9.5215893e-01
   9.5508356e-01
   9.3354896e-01
   9.5611870e-01
   9.5890260e-01
   9.7505887e-01
   9.7348458e-01
   9.3701305e-01
   9.6504356e-01
   9.4118009e-01
   9.4203617e-01
   9.5026196e-01
   9.8041573e-01
   9.3223442e-01
   9.8009439e-01
   8.2041777e-01
   9.7362584e-01
   9.3297901e-01
   9.2810174e-01
   9.4784514e-01
   9.1816135e-01
   9.3240006e-01
   9.3009233e-01
   9.6975844e-01
   9.7544940e-01
   9.5846803e-01
   9.4982069e-01
   9.8626641e-01
   9.5655326e-01
   9.3991237e-01
   9.6580607e-01
   9.4107508e-01
   9.6945030e-01
   9.4095570e-01
   9.5642564e-01
   9.7791929e-01
   9.2594348e-01
   9.6122723e-01
   9.5001525e-01
   9.3596436e-01
   9.4957450e-01
   8.9179219e-01
   9.1429567e-01
   9.5136038e-01
   9.6927027e-01
   9.6531946e-01
   9.8088754e-01
   9.1093195e-01
   9.6975877e-01
   9.7453742e-01
   9.2810486e-01
   9.7275472e-01
   9.7246240e-01
   9.8848163e-01
   9.3971844e-01
   9.4964037e-01
   9.5316325e-01
   9.7192466e-01
   9.7447011e-01
   9.5770159e-01
   9.7095223e-01
   8.3151666e-01
   9.5656459e-01
   9.5937572e-01
   9.4822692e-01
   9.6441237e-01
   9.8194893e-01
   9.8630351e-01
   9.4483182e-01
   9.7138355e-01
   9.9356035e-01
   9.8508485e-01
   9.3154588e-01
   9.4703452e-01
   9.6454889e-01
   9.3931872e-01
   9.6544806e-01
   9.8681598e-01
   9.8839290e-01
   9.6470363e-01
   9.7099061e-01
   9.4471263e-01
   9.6393707e-01
   9.1993007e-01
   8.6031761e-01
   9.3208650e-01
   9.5866818e-01
   9.5249315e-01
   9.8007204e-01
   9.6129272e-01
   9.8853106e-01
   9.8086844e-01
   9.4184061e-01
   9.3461004e-01
   9.5013743e-01
   9.8689809e-01
   9.4782019e-01
   9.4042127e-01
   9.6731842e-01
   9.8838809e-01
   9.6331937e-01
   9.4226030e-01
   9.5424621e-01
   9.2736070e-01
   9.5280695e-01
   9.6978781e-01
   9.7381430e-01
   9.4032714e-01
   9.6615072e-01
   9.1143295e-01
   9.7079639e-01
   9.1854500e-01
   9.1349126e-01
   9.8162359e-01
   9.7554130e-01
   9.6179619e-01
   9.4214239e-01
   9.7987825e-01
   9.3588774e-01
   9.6742128e-01
   9.7197278e-01
   9.8476217e-01
   9.7332441e-01
   9.6133877e-01
   9.6479122e-01
   9.6659304e-01
   9.6191998e-01
   9.3098895e-01
   9.7141703e-01
   8.5559036e-01
   9.2047543e-01
   9.7374139e-01
   9.6387205e-01
   9.7150535e-01
   9.4991110e-01
   9.5160637e-01
   9.5791706e-01
   9.7071865e-01
   9.8111570e-01
   9.9199970e-01
   9.6714388e-01
   9.6366735e-01
   9.7148646e-01
   9.4330785e-01
   9.7385806e-01
   9.5709087e-01
   9.4135007e-01
   9.8833419e-01
   9.5683896e-01
   9.2981735e-01
   8.7348754e-01
   9.6763412e-01
   9.1103101e-01
   9.5318537e-01
   9.5009844e-01
   9.7812668e-01
   9.0018636e-01
   9.6202607e-01
   9.8398227e-01
   9.7943548e-01
   9.7205556e-01
   9.5860080e-01
   9.9038682e-01
   9.3954887e-01
   9.2613208e-01
   9.4102199e-01
   9.5057195e-01
   9.1950247e-01
   9.5113379e-01
   9.6654271e-01
   9.7458870e-01
   9.7141341e-01
   9.2698720e-01
   9.5450087e-01
   9.2778303e-01
   9.4157005e-01
   9.3865508e-01
   9.5334732e-01
   9.6381493e-01
   9.3749122e-01
   9.6868598e-01
   9.1889060e-01
   9.7092058e-01
   9.6392891e-01
   9.7902057e-01
   9.2896768e-01
   9.8300707e-01
   9.4920082e-01
   9.7996740e-01
   9.6248497e-01
   9.4003840e-01
   9.6764150e-01
   9.6985396e-01
   9.2504894e-01
   9.9658299e-01
   9.8351648e-01
   9.7354991e-01
   9.3968418e-01
   9.7501765e-01
   9.6814988e-01
   9.7825927e-01
   9.2414956e-01
   9.8583633e-01
   9.6203182e-01
   9.6335263e-01
   9.8925629e-01
   9.7340628e-01
   9.5808986e-01
   9.1976073e-01
   9.8391428e-01
   9.8762258e-01
   9.7488365e-01
   9.7371610e-01
   9.7118461e-01
   9.7419270e-01
   9.6272164e-01
   9.6941188e-01
   9.6225483e-01
   9.7040220e-01
   9.8575980e-01
   9.8307764e-01
   9.4234486e-01
   8.8931152e-01
   9.7299314e-01
   9.6524684e-01
   9.7660229e-01
   9.4816353e-01
   9.7326874e-01
   9.4341095e-01
   9.5562329e-01
   9.4075151e-01
   9.2616124e-01
   9.2381446e-01
   9.0823818e-01
   9.2468461e-01
   9.7854189e-01
   9.5312639e-01
   9.7734367e-01
   9.3849062e-01
   8.7585023e-01
   9.6684604e-01
   9.4726346e-01
   9.4456166e-01
   9.1344190e-01
   9.8266457e-01
   9.7865522e-01
   9.2242231e-01
   9.3501837e-01
   9.8699218e-01
   9.9329117e-01
   9.8701965e-01
   9.8746533e-01
   9.5368258e-01
   9.8394098e-01
   9.8107189e-01
   9.7748511e-01
   9.3239058e-01
   9.7594033e-01
   9.9677882e-01
   9.8566948e-01
   9.6398512e-01
   9.3570121e-01
   9.8583017e-01
   9.2441227e-01
   9.4541519e-01
   9.4876936e-01
   9.8290554e-01
   9.8974291e-01
   9.4084913e-01
   9.8886707e-01
   9.9607163e-01
   9.1782248e-01
   9.8516334e-01
   9.7564452e-01
   9.2356260e-01
   9.4693540e-01
   9.3529430e-01
   9.5552369e-01
   9.8677755e-01
   9.7169125e-01
   9.7588088e-01
   9.4049160e-01
   9.0466955e-01
   9.6024611e-01
   9.9097348e-01
   9.7641759e-01
   9.7986428e-01
   9.7726902e-01
   9.9072752e-01
   9.8445380e-01
   9.4661357e-01
   9.6629093e-01
   9.8381870e-01
   9.2300276e-01
   9.4409495e-01
   9.1221361e-01
   9.6381826e-01
   9.7805689e-01
   9.9364304e-01
   9.8144216e-01
   9.8901993e-01
   9.7213853e-01
   9.6744047e-01
   9.6977222e-01
   9.7571672e-01
   9.6197592e-01
   8.9352334e-01
   9.9444752e-01
   9.6273261e-01
   9.8872748e-01
   9.5620255e-01
   9.7166597e-01
   9.8313569e-01
   9.9008026e-01
   9.9298390e-01
   9.7551833e-01
   9.5459946e-01
   9.3038512e-01
   9.9347310e-01
   9.5678542e-01
   9.9488302e-01
   9.7273181e-01
   8.6685765e-01
   9.6660681e-01
   9.1482562e-01
   9.6996231e-01
   9.2823598e-01
   9.7888443e-01
   9.7994976e-01
   9.5564325e-01
   9.8962107e-01
   9.7382565e-01
   9.9198476e-01
   9.4943985e-01
   9.6641300e-01
   9.5345218e-01
   9.6178198e-01
   9.8026082e-01
   9.6360051e-01
   9.6111143e-01
   9.8145745e-01
   9.5801062e-01
   9.8371320e-01
   9.9012391e-01
   9.6893628e-01
   9.8965500e-01
   9.7330371e-01
   9.7734642e-01
   9.3896499e-01
   9.4953135e-01
   9.4258877e-01
   9.7173963e-01
   9.8336833e-01
   9.6289270e-01
   9.5860476e-01
   9.6081932e-01
   9.7386915e-01
   9.7518461e-01
   9.3244971e-01
   9.1460456e-01
   9.9554578e-01
   9.9530434e-01
   9.4362888e-01
   9.9258401e-01
   9.8298092e-01
   9.8210425e-01
   9.5984802e-01
   9.7293278e-01
   9.5483798e-01
   9.2257694e-01
   9.7294060e-01
   9.7152368e-01
   9.3564051e-01
   9.8187191e-01
   9.5969551e-01
   9.7864440e-01
   9.3597489e-01
   9.8240856e-01
   9.5474518e-01
   9.9697823e-01
   9.3050795e-01
   9.8351549e-01
   9.7629889e-01
   9.7919723e-01
   9.7779425e-01
   9.9613486e-01
   9.2419610e-01
   9.8587900e-01
   9.7858899e-01
   9.8650640e-01
   9.8735705e-01
   9.7423760e-01
   9.7482682e-01
   9.7700654e-01
   9.6452776e-01
   9.8227857e-01
   9.8799529e-01
   9.8354959e-01
   9.9664034e-01
   9.5099693e-01
   9.7075458e-01
   9.7603350e-01
   9.9003301e-01
   9.8195506e-01
   9.8027041e-01
   9.4218380e-01
   9.9495400e-01
   9.7424614e-01
   9.6645565e-01
   9.7216642e-01
   9.4896367e-01
   9.1766739e-01
