   7.0538144e-01
   8.9065070e-01
   8.6732502e-01
   7.9805868e-01
   8.5748564e-01
   8.3270879e-01
   9.1560765e-01
   9.0292473e-01
   9.0679718e-01
   8.4478164e-01
   7.8887666e-01
   8.4858319e-01
   9.1730970e-01
   9.3379763e-01
   9.2615422e-01
   9.1979942e-01
   9.3154756e-01
   8.9380155e-01
   8.5211749e-01
   9.3558521e-01
   9.4336455e-01
   9.4428162e-01
   9.5188550e-01
   9.0988842e-01
   9.5637586e-01
   9.3983985e-01
   8.8859417e-01
   8.6856851e-01
   9.4466538e-01
   9.4238869e-01
   9.4158415e-01
   9.4206286e-01
   9.4079611e-01
   9.6167974e-01
   9.5274701e-01
   9.3801743e-01
   9.2721590e-01
   9.4835104e-01
   9.4248248e-01
   9.5552333e-01
   9.2580437e-01
   9.5683077e-01
   9.3780948e-01
   9.6182753e-01
   9.3088996e-01
   9.5097906e-01
   9.6035793e-01
   9.5841476e-01
   9.6703144e-01
   9.5525847e-01
   9.4977190e-01
   9.4456877e-01
   8.7533133e-01
   8.9651710e-01
   9.7743183e-01
   8.9601314e-01
   9.6474368e-01
   9.6609375e-01
   9.4774943e-01
   8.3998820e-01
   9.5855913e-01
   9.5835579e-01
   9.5407076e-01
   9.4865960e-01
   9.2871703e-01
   9.6430991e-01
   9.5662989e-01
   9.5323273e-01
   9.4073854e-01
   9.5587626e-01
   9.5753283e-01
   9.6066162e-01
   9.3529972e-01
   9.2101624e-01
   9.2972923e-01
   9.6672446e-01
   9.7741581e-01
   9.3646064e-01
   9.8238694e-01
   9.5128616e-01
   9.7063334e-01
   9.6095197e-01
   9.5958906e-01
   9.8503099e-01
   9.7137492e-01
   9.7272393e-01
   9.6593905e-01
   9.8282631e-01
   9.4902732e-01
   7.7940812e-01
   9.3549332e-01
   9.6344038e-01
   9.6814814e-01
   9.6303729e-01
   9.8024402e-01
   9.6126201e-01
   9.5366320e-01
   9.7059126e-01
   9.6229027e-01
   9.7910176e-01
   9.6555899e-01
   9.4819424e-01
   9.6277937e-01
   9.7125024e-01
   9.8215551e-01
   9.5497343e-01
   9.4390266e-01
   9.1880782e-01
   9.7732858e-01
   9.6202062e-01
   9.7006323e-01
   9.5892025e-01
   9.8992818e-01
   9.7704907e-01
   9.6309891e-01
   9.2636502e-01
   9.7591372e-01
   9.3078283e-01
   9.4696367e-01
   9.8148350e-01
   9.7348877e-01
   9.6499376e-01
   9.8491206e-01
   9.7941332e-01
   9.9190581e-01
   9.5231782e-01
   9.7133641e-01
   9.5725680e-01
   9.7591149e-01
   9.3894152e-01
   9.8462529e-01
   9.6770944e-01
   9.7162455e-01
   9.7679960e-01
   9.6967227e-01
   9.7645600e-01
   9.6798891e-01
   9.6907474e-01
   9.9102758e-01
   9.8037510e-01
   9.6519213e-01
   8.5395815e-01
   9.7644279e-01
   9.4953981e-01
   9.5506732e-01
   9.7595841e-01
   9.7825758e-01
   9.6769309e-01
   9.8312971e-01
   9.7778359e-01
   9.7571676e-01
   9.7562364e-01
   9.7989303e-01
   9.8982315e-01
   9.6879466e-01
   9.6791674e-01
   9.9244303e-01
   9.8847015e-01
   9.7465822e-01
   9.6747809e-01
   9.5975388e-01
   9.7851710e-01
   9.8006817e-01
   9.5699934e-01
   9.7584890e-01
   9.8616122e-01
   9.7573998e-01
   9.7724453e-01
   9.7758025e-01
   9.8676466e-01
   9.8016613e-01
   9.6702516e-01
   9.7051008e-01
   9.8424069e-01
   9.6911217e-01
   9.8851285e-01
   9.7886519e-01
   9.8320865e-01
   9.6311134e-01
   9.7511210e-01
   9.8456023e-01
   9.7412835e-01
   9.8923917e-01
   9.7082566e-01
   9.4097475e-01
   9.8674114e-01
   9.8206653e-01
   9.3875528e-01
   9.8346228e-01
   9.8132578e-01
   9.7538016e-01
   9.8920593e-01
   9.4655220e-01
   9.8908066e-01
   9.6729631e-01
   9.7576428e-01
   9.7207409e-01
   9.6149006e-01
   9.8931791e-01
   9.8797534e-01
   9.8719625e-01
   9.6594838e-01
   9.8240563e-01
   9.6689529e-01
   9.7805080e-01
   9.5880625e-01
   9.9237682e-01
   9.8181624e-01
   9.6121129e-01
   9.7153860e-01
   9.7820470e-01
   9.7571770e-01
   9.5576944e-01
   9.8426115e-01
   9.7852081e-01
   9.8125891e-01
   9.7286415e-01
   9.8263640e-01
   9.8162487e-01
   9.8796342e-01
   9.8709819e-01
   8.9591399e-01
   9.9133593e-01
   9.8344666e-01
   9.9741583e-01
   9.8552217e-01
   9.3718134e-01
   9.7666459e-01
   9.8195890e-01
   9.7844237e-01
   9.8703476e-01
   9.5843710e-01
   9.7542034e-01
   9.6755863e-01
   9.1473093e-01
   9.8682662e-01
   9.9260111e-01
   9.9532205e-01
   9.8364461e-01
   9.8326448e-01
   9.8300261e-01
   9.9378673e-01
   9.8235806e-01
   9.8502720e-01
   9.8544510e-01
   9.3436215e-01
   9.8494580e-01
   9.8512134e-01
   9.7472961e-01
   9.8623467e-01
   9.8497809e-01
   9.8729875e-01
   9.8508988e-01
   9.9363583e-01
   9.8674712e-01
   9.7444323e-01
   9.8500122e-01
   9.7578128e-01
   9.8652253e-01
   9.8994065e-01
   9.8566544e-01
   9.9260591e-01
   9.5982800e-01
   9.7987959e-01
   9.9107204e-01
   9.8813328e-01
   9.8483964e-01
   9.9420316e-01
   9.8634846e-01
   9.3827098e-01
   9.9248836e-01
   9.9391708e-01
   9.8543461e-01
   9.8827399e-01
   9.6397587e-01
   9.8622747e-01
   9.8164445e-01
   9.4246381e-01
   9.8955769e-01
   9.8025964e-01
   9.5177013e-01
   9.7884893e-01
   9.7061486e-01
   9.7474611e-01
   9.8929766e-01
   9.9571927e-01
   9.8846726e-01
   9.7794098e-01
   9.8836887e-01
   9.8940694e-01
   9.9174044e-01
   9.8269897e-01
   9.9679946e-01
   9.8757202e-01
   9.8814166e-01
   9.8191933e-01
   9.8275653e-01
   9.8605917e-01
   9.8843255e-01
   9.8692641e-01
   9.7158432e-01
   9.9653121e-01
   9.9326828e-01
   9.7757250e-01
   9.8216181e-01
   9.8736660e-01
   9.8401590e-01
   9.8934729e-01
   9.8860397e-01
   9.6865293e-01
   9.8131342e-01
   9.8205924e-01
   9.6793374e-01
   9.8793699e-01
   9.9561242e-01
   9.8934376e-01
   9.6701529e-01
   9.7434618e-01
   9.8312813e-01
   9.8633018e-01
   9.8859897e-01
   9.8900810e-01
   9.8385228e-01
   9.2426881e-01
   9.8821544e-01
   9.7400330e-01
   9.8819619e-01
   9.8825332e-01
   9.5051317e-01
   9.8411002e-01
   9.7934396e-01
   9.7717431e-01
   9.9236768e-01
   9.7774292e-01
   9.9171529e-01
   9.9640773e-01
   9.8929072e-01
   9.8729517e-01
   9.9475602e-01
   9.1730706e-01
   9.8873226e-01
   9.9014655e-01
   9.9114096e-01
   9.8742350e-01
   9.7701538e-01
   9.8687033e-01
   9.9192331e-01
   9.8841743e-01
   9.7988292e-01
   9.6349473e-01
   9.9453520e-01
   9.6740319e-01
   9.8927239e-01
   9.7857400e-01
   9.9095712e-01
   9.8701973e-01
   9.9325543e-01
   9.6371265e-01
   9.9076819e-01
   9.9212431e-01
   9.8176413e-01
   9.7794882e-01
   9.7949239e-01
   9.3371732e-01
   9.3735910e-01
   9.6675929e-01
   9.8702395e-01
   9.9530352e-01
   9.8317660e-01
   9.8983634e-01
   9.8028275e-01
   9.9177145e-01
   9.8171366e-01
   9.9265818e-01
   9.8968432e-01
   9.8176694e-01
   9.8895134e-01
   9.9172785e-01
   9.9830728e-01
   9.9314414e-01
   9.8103222e-01
   9.5744926e-01
   9.8374316e-01
   9.9155382e-01
   9.9050626e-01
   9.8916224e-01
   9.9031875e-01
   9.9005302e-01
   9.8271873e-01
   9.9343740e-01
   9.9344577e-01
   9.7188276e-01
   9.5874198e-01
   9.9161512e-01
   9.9494148e-01
   9.6807954e-01
   9.6691147e-01
   9.7822321e-01
   9.9845825e-01
   9.9187699e-01
   9.8116787e-01
   9.7930168e-01
   9.7647217e-01
   9.9901617e-01
   9.9184446e-01
   9.5686679e-01
   9.7661744e-01
   9.8885165e-01
   9.9286066e-01
   9.9193189e-01
   9.8961533e-01
   9.9669662e-01
   9.7808559e-01
   9.8727033e-01
   9.9379292e-01
   9.8512509e-01
   9.9168571e-01
   9.6642656e-01
   9.9224276e-01
   9.9373706e-01
   9.8428410e-01
   9.7310456e-01
   9.8933120e-01
   9.8974512e-01
   9.7884983e-01
   9.9588526e-01
   9.8243169e-01
   9.2530116e-01
   9.6809049e-01
   9.8670548e-01
   9.8332060e-01
   9.9547307e-01
   9.7961225e-01
   9.9511275e-01
   9.7613446e-01
   9.6969380e-01
   9.9217410e-01
   9.9884382e-01
   9.6181767e-01
   9.1879117e-01
   9.8963315e-01
   9.9078329e-01
   9.9167103e-01
   9.9540315e-01
   9.8915457e-01
   9.8458007e-01
   9.9483819e-01
   9.7707004e-01
   9.8127216e-01
   9.9763198e-01
   9.8499732e-01
   9.9676074e-01
   9.7388428e-01
   9.9182577e-01
   9.9467819e-01
   9.9250506e-01
   9.8293293e-01
   9.4602159e-01
   9.2583007e-01
   9.6659187e-01
   9.9142007e-01
   9.8094113e-01
   9.8184252e-01
   9.9718816e-01
   9.9800129e-01
   9.2752837e-01
   9.7633009e-01
   9.8840287e-01
   9.9733205e-01
   9.8921317e-01
   9.7916656e-01
   9.5080926e-01
   9.9361883e-01
   9.9258170e-01
   9.7726936e-01
   9.7656373e-01
   9.8820489e-01
   9.9283511e-01
   9.9286528e-01
   9.8313900e-01
   9.9575406e-01
   9.6392122e-01
   9.8846475e-01
   9.9539490e-01
   9.9145503e-01
   9.8393599e-01
   9.9276328e-01
   9.8762528e-01
   9.9897059e-01
   9.9341576e-01
   9.9766567e-01
   9.9455528e-01
   9.9081267e-01
   9.9141225e-01
   9.8022299e-01
   9.8952253e-01
   9.9583366e-01
   9.8931967e-01
   9.9825291e-01
   9.9738860e-01
   9.8818211e-01
   9.9180129e-01
   9.9377951e-01
   9.9163127e-01
   9.7628960e-01
   9.9586326e-01
   9.9311896e-01
   9.9532597e-01
   9.9172978e-01
   9.8619033e-01
   9.9357191e-01
   9.9166654e-01
   9.9338320e-01
   9.8404883e-01
   9.8292946e-01
   9.9161584e-01
   9.9023556e-01
   9.9224434e-01
   9.8685514e-01
   9.6458164e-01
   9.6981519e-01
   9.9095396e-01
   9.9366447e-01
   9.8084969e-01
   9.9266158e-01
   9.8579214e-01
   9.9625611e-01
   9.6089554e-01
   9.7847948e-01
   9.6492213e-01
   9.8303763e-01
   9.9296951e-01
   9.8842159e-01
   9.8828712e-01
   9.9547947e-01
   9.9251240e-01
   9.7859411e-01
   9.9926104e-01
   9.7766245e-01
   9.9694289e-01
   9.9181215e-01
   9.9257714e-01
   9.9495684e-01
   9.8615516e-01
   9.8068714e-01
   9.9643061e-01
   9.9802684e-01
   9.8989217e-01
   9.9215541e-01
   9.9550831e-01
   9.9560214e-01
   9.8975103e-01
   9.9005519e-01
   9.8872286e-01
   9.9516937e-01
   9.8612146e-01
   9.9508824e-01
   9.9710960e-01
   9.9543679e-01
   9.8814803e-01
   9.9567319e-01
   9.8969613e-01
   9.9873303e-01
   9.7990726e-01
   9.9135900e-01
   9.9368318e-01
   9.8453633e-01
   9.9693068e-01
   9.9961231e-01
   9.9170857e-01
   9.9342965e-01
   9.9120011e-01
   9.8580000e-01
   9.9830192e-01
   9.9449510e-01
   9.9737417e-01
   9.9168736e-01
   9.7662318e-01
   9.8481279e-01
   9.8189306e-01
   9.9296778e-01
   9.9225688e-01
   9.9376662e-01
   9.9889161e-01
   9.8405592e-01
   9.9312313e-01
   9.9477249e-01
   9.9752475e-01
   9.9162248e-01
   9.7387884e-01
   9.8953822e-01
   9.8780549e-01
   9.8119911e-01
   9.8229597e-01
   9.9136411e-01
   9.9666917e-01
   9.6196088e-01
   9.8599890e-01
   9.8686994e-01
   9.9389909e-01
   9.9549725e-01
   9.8743621e-01
   9.9314803e-01
   9.9020233e-01
   9.9770838e-01
   9.8770864e-01
   9.7443977e-01
   9.9324198e-01
   9.9339015e-01
   9.9877758e-01
   9.8567610e-01
   9.9317668e-01
   9.9297098e-01
   9.6426338e-01
   9.8734497e-01
   9.9364527e-01
   9.6225389e-01
   9.8896545e-01
   9.9693414e-01
   9.9860227e-01
   9.8538225e-01
   9.5322295e-01
   9.8341843e-01
   9.5654945e-01
   9.9460380e-01
   9.9413234e-01
   9.9310659e-01
   9.8603595e-01
   9.9893426e-01
   9.9588850e-01
   9.9707669e-01
   9.9386358e-01
   9.8854600e-01
   9.9037964e-01
   9.9483545e-01
   9.7929073e-01
   9.9051441e-01
   9.7964633e-01
   9.7850552e-01
   9.5802683e-01
   9.9056783e-01
   9.7373134e-01
   9.9271299e-01
   9.8827644e-01
   9.9487409e-01
   9.7604589e-01
   9.9573491e-01
   9.8671291e-01
   9.8333972e-01
   9.7460428e-01
   9.9680491e-01
   9.9408196e-01
   9.8103711e-01
   9.9719452e-01
   9.5828470e-01
   9.8618906e-01
   9.9574003e-01
   9.9632338e-01
   9.9426821e-01
   9.8472226e-01
   9.9207745e-01
   9.7657415e-01
   9.8922110e-01
   9.9538254e-01
   9.8791793e-01
   9.9245354e-01
   9.9189414e-01
   9.9253096e-01
   9.9831820e-01
   9.8271269e-01
   9.7633582e-01
   9.8266384e-01
   9.8567536e-01
   9.6669067e-01
   9.9632220e-01
   9.9500736e-01
   9.6968628e-01
   9.8087688e-01
   9.7220702e-01
   9.8653604e-01
   9.9242284e-01
   9.9258828e-01
   9.9821892e-01
   9.9521369e-01
   9.6530870e-01
   9.7207168e-01
   9.9402315e-01
   9.7707225e-01
   9.9361106e-01
   9.8695424e-01
   9.9808586e-01
   9.9460359e-01
   9.8755515e-01
   9.9507275e-01
   9.9486195e-01
   9.8842764e-01
   9.9445296e-01
   9.8788075e-01
   9.8869476e-01
   9.9319035e-01
   9.3103593e-01
   9.9253985e-01
   9.9589172e-01
   9.9190719e-01
   9.9340050e-01
   9.9019594e-01
   9.6183729e-01
   9.8485430e-01
   9.7713428e-01
   9.9120981e-01
   9.8629179e-01
   9.9174203e-01
   9.2897395e-01
   9.2856594e-01
   9.9719463e-01
   9.9566011e-01
   9.9602229e-01
   9.8610663e-01
   9.9402296e-01
   9.7603995e-01
   9.9396779e-01
   9.9795586e-01
   9.9030530e-01
   9.5251093e-01
   9.9341095e-01
   9.9544845e-01
   9.7514648e-01
   9.9254742e-01
   9.8982137e-01
   9.7207533e-01
   9.8622415e-01
   9.9766990e-01
   9.9674789e-01
   9.9730596e-01
   9.9701987e-01
   9.8623312e-01
   9.9588774e-01
   9.7975640e-01
   9.8865774e-01
   9.9286008e-01
   9.9156814e-01
   9.7918624e-01
   9.8832601e-01
   9.7795483e-01
   9.9946103e-01
   9.7895235e-01
   9.9832574e-01
   9.9376020e-01
   9.9471442e-01
   9.8897205e-01
   9.9408618e-01
   9.9738409e-01
   9.8984486e-01
   9.9108949e-01
   9.9371108e-01
   9.9637379e-01
   9.9900570e-01
   9.7676419e-01
   9.8223244e-01
   9.8401343e-01
   9.6592848e-01
   9.9777156e-01
   9.7709479e-01
   9.9846805e-01
   9.9009382e-01
   9.8896108e-01
   9.9322506e-01
   9.8302376e-01
   9.8534112e-01
   9.9762911e-01
   9.9759026e-01
   9.9528223e-01
   9.8020196e-01
   9.8002798e-01
   9.8135432e-01
   9.9617752e-01
   9.9109711e-01
   9.9688531e-01
   9.8709791e-01
   9.8580071e-01
   9.9137522e-01
   9.9561190e-01
   9.8298820e-01
   9.9545217e-01
   9.9503381e-01
   9.7815798e-01
   9.8648924e-01
   9.8158178e-01
   9.8258479e-01
   9.9548005e-01
   9.5513171e-01
   9.8336725e-01
   9.9314360e-01
   9.9908236e-01
   9.2272868e-01
   9.9631450e-01
   9.7982466e-01
   9.5221164e-01
   9.9282337e-01
   9.8275325e-01
   9.9588544e-01
   9.9309954e-01
   9.9407999e-01
   9.9886034e-01
   9.9243357e-01
   9.8339292e-01
   9.9700900e-01
   9.9719924e-01
   9.8183547e-01
   9.9721811e-01
   9.9243556e-01
   9.9449488e-01
   9.9620264e-01
   9.9586192e-01
   9.9737763e-01
   9.9387322e-01
   9.9057814e-01
   9.7489167e-01
   9.9285430e-01
   9.9157106e-01
   9.8374338e-01
   9.8972558e-01
   9.7820422e-01
   9.9182403e-01
   9.2576091e-01
   9.7133780e-01
   9.8380097e-01
   9.9598804e-01
   9.9671807e-01
   9.7555464e-01
   9.9575599e-01
   9.9620536e-01
   9.9910730e-01
   9.7996015e-01
   9.9769072e-01
   9.9614532e-01
   9.9712007e-01
   9.9418763e-01
   9.9635435e-01
   9.9722467e-01
   9.9164421e-01
   9.6721460e-01
   9.9408820e-01
   9.9131981e-01
   9.9039054e-01
   9.8724394e-01
   9.9607848e-01
   9.8282862e-01
   9.7840634e-01
   9.8297549e-01
   9.7021400e-01
   9.7998981e-01
   9.8670295e-01
   9.8494438e-01
   9.7039725e-01
   9.9619178e-01
   9.9236764e-01
   9.9682199e-01
   9.8766578e-01
   9.9161280e-01
   9.8344186e-01
   9.9876358e-01
   9.9450343e-01
   9.6959885e-01
   9.8838416e-01
   9.9886034e-01
   9.8746679e-01
   9.9423216e-01
   9.9789055e-01
   9.8601055e-01
   9.8401852e-01
   9.9440281e-01
   9.8406379e-01
   9.8805476e-01
   9.8610601e-01
   9.9334409e-01
   9.8751748e-01
   9.8681145e-01
   9.6050814e-01
   9.6400605e-01
   9.9117122e-01
   9.9564519e-01
   9.5821381e-01
   9.2158599e-01
   9.7981062e-01
   9.9629556e-01
   9.8111933e-01
   9.8387832e-01
   9.9310384e-01
   9.9454063e-01
   9.7390819e-01
   9.9577691e-01
   9.9501167e-01
   9.8176220e-01
   9.8731222e-01
   9.8071485e-01
   9.9658513e-01
   9.9108238e-01
   9.8956969e-01
   9.9569571e-01
   9.8906563e-01
   9.8209496e-01
   9.9181974e-01
   9.9015625e-01
   9.9746812e-01
   9.8369235e-01
   9.9596143e-01
   9.7905728e-01
   9.9538986e-01
   9.9755576e-01
   9.6596515e-01
   9.8287367e-01
   9.8969406e-01
   9.9975117e-01
   9.9706518e-01
   9.9237690e-01
   9.9736982e-01
   9.9221207e-01
   9.7678004e-01
   9.9913535e-01
   9.8896580e-01
   9.7725849e-01
   9.9525644e-01
   9.9579031e-01
   9.8308128e-01
   9.9437322e-01
   9.9266077e-01
   9.9284737e-01
   9.9422372e-01
   9.7156927e-01
   9.9681737e-01
   9.8507164e-01
   9.8620790e-01
   9.7109025e-01
   9.9176070e-01
   9.8904905e-01
   9.8545464e-01
   9.8965310e-01
   9.8358442e-01
   9.9787709e-01
   9.8813932e-01
   9.7918768e-01
   9.9949390e-01
   9.8630811e-01
   9.8968774e-01
   9.9619587e-01
   9.9601708e-01
   9.9099042e-01
   9.9454256e-01
   9.9803508e-01
   9.9279513e-01
   9.9936768e-01
   9.8657528e-01
   9.9904585e-01
   9.8443012e-01
   9.8929894e-01
   9.9766909e-01
   9.9644800e-01
   9.9391473e-01
   9.9229942e-01
   9.8594424e-01
   9.9833000e-01
   9.9215043e-01
   9.9798343e-01
   9.7772365e-01
   9.8942132e-01
   9.9713033e-01
   9.9882822e-01
   9.8881514e-01
   9.9416507e-01
   9.9293616e-01
   9.7730803e-01
   9.9696324e-01
   9.8387329e-01
   9.9758926e-01
   9.8990031e-01
   9.9789969e-01
   9.7754203e-01
   9.8786279e-01
   9.9129672e-01
   9.8921365e-01
   9.9776646e-01
   9.9499683e-01
   9.9895431e-01
   9.8721104e-01
   9.9657478e-01
   9.8621261e-01
   9.9562280e-01
   9.9651642e-01
   9.8742197e-01
   9.7765301e-01
   9.4384170e-01
   9.9027879e-01
   9.9030760e-01
   9.8050397e-01
   9.9615094e-01
   9.9474922e-01
   9.9700865e-01
   9.8503998e-01
   9.8253579e-01
   9.8886236e-01
   9.8721117e-01
   9.8576781e-01
   9.9384967e-01
   9.8948695e-01
   9.9763572e-01
   9.9636263e-01
   9.9500154e-01
   9.8778213e-01
   9.9855721e-01
   9.8775432e-01
   9.9022885e-01
   9.9484747e-01
   9.6291896e-01
   9.8642584e-01
   9.8429633e-01
   9.8735058e-01
   9.9730868e-01
   9.7563409e-01
   9.8471955e-01
   9.9351914e-01
   9.8384569e-01
   9.9952170e-01
   9.9162467e-01
   9.9512257e-01
   9.9194698e-01
   9.5897515e-01
   9.9037700e-01
   9.9610709e-01
   9.9516678e-01
   9.9345350e-01
   9.8681580e-01
   9.8491005e-01
   9.8670595e-01
   9.8325167e-01
   9.7648548e-01
   9.8257252e-01
   9.9243345e-01
   9.8981017e-01
   9.9862153e-01
   9.9328275e-01
   9.9629393e-01
   9.9586175e-01
   9.9239283e-01
   9.7805568e-01
   9.9263903e-01
   9.8578922e-01
   9.8740860e-01
   9.9502716e-01
   9.8086679e-01
   9.9577394e-01
   9.8908338e-01
   9.8579093e-01
   9.2506880e-01
   9.8966904e-01
   9.6787467e-01
   9.7863643e-01
   9.8890326e-01
   9.8655604e-01
   9.8145895e-01
   9.8624081e-01
   9.8169829e-01
   9.9591766e-01
   9.7852081e-01
   9.8868307e-01
   9.9318641e-01
   9.7496634e-01
   9.9728252e-01
   9.9504590e-01
   9.4256888e-01
   9.8552477e-01
   9.8438513e-01
   9.8869172e-01
   9.8205529e-01
   9.9811443e-01
   9.9877191e-01
   9.9920312e-01
   9.9081627e-01
   9.9421537e-01
   9.5407312e-01
   9.9703593e-01
   9.8862688e-01
   9.8983802e-01
   9.9646028e-01
   9.7903094e-01
   9.6758872e-01
   9.5753334e-01
