   8.0916437e-01
   8.7399817e-01
   8.6991518e-01
   8.7374182e-01
   8.8096678e-01
   8.3944602e-01
   8.7356943e-01
   7.7615097e-01
   8.4820640e-01
   8.1333420e-01
   8.6481401e-01
   8.9806716e-01
   8.5249973e-01
   8.6175964e-01
   8.3628405e-01
   8.6023499e-01
   8.2170610e-01
   8.9580183e-01
   8.9534346e-01
   8.8427966e-01
   9.1240929e-01
   8.1602374e-01
   8.8880522e-01
   9.1478879e-01
   8.6947499e-01
   8.8799855e-01
   8.8677135e-01
   8.6690258e-01
   9.1402413e-01
   9.1106404e-01
   9.1092313e-01
   8.9002245e-01
   9.0180493e-01
   9.2162018e-01
   9.2460196e-01
   8.3931243e-01
   9.3738573e-01
   9.2004057e-01
   8.9088996e-01
   8.9025894e-01
   8.9201529e-01
   9.0687701e-01
   9.2735028e-01
   9.1651113e-01
   9.2540251e-01
   9.1644295e-01
   9.3533005e-01
   8.9374475e-01
   8.7137356e-01
   8.7740212e-01
   9.1364472e-01
   7.8339628e-01
   9.3984855e-01
   8.6721471e-01
   9.4689604e-01
   9.2259105e-01
   9.3860963e-01
   9.1532681e-01
   9.3822180e-01
   8.9574089e-01
   9.6559251e-01
   8.8266437e-01
   9.2019723e-01
   9.3395918e-01
   8.9424230e-01
   9.2038622e-01
   9.4612429e-01
   9.0745237e-01
   9.3216055e-01
   9.1780654e-01
   9.0205580e-01
   9.5505717e-01
   7.9368702e-01
   8.7626809e-01
   8.7054448e-01
   8.6782520e-01
   9.1420705e-01
   9.2106754e-01
   9.5504854e-01
   9.3370779e-01
   9.0944151e-01
   9.0948158e-01
   9.0901500e-01
   8.7139644e-01
   9.5537660e-01
   9.3893442e-01
   9.0015499e-01
   9.5820279e-01
   9.5483831e-01
   9.3896298e-01
   9.2999540e-01
   9.2542649e-01
   8.9822935e-01
   9.4812546e-01
   9.5657474e-01
   9.1426078e-01
   9.5468585e-01
   8.9929424e-01
   9.5267113e-01
   8.4397278e-01
   9.5274122e-01
   9.3739177e-01
   9.5481101e-01
   9.4194945e-01
   8.5107820e-01
   9.4794223e-01
   9.3129407e-01
   9.3477058e-01
   9.0338857e-01
   9.1581650e-01
   9.4799562e-01
   9.3935936e-01
   9.4724834e-01
   9.1840843e-01
   9.1245144e-01
   9.2876925e-01
   9.4247466e-01
   9.5900494e-01
   9.6511910e-01
   9.5160377e-01
   9.0424111e-01
   9.4896443e-01
   9.0468571e-01
   9.2993362e-01
   9.4899933e-01
   9.3787578e-01
   9.6390014e-01
   9.3519772e-01
   9.3733354e-01
   9.6089076e-01
   9.4721771e-01
   9.2531701e-01
   9.5277268e-01
   9.4604873e-01
   8.7588202e-01
   9.5631583e-01
   9.0639628e-01
   9.6305292e-01
   9.4553523e-01
   9.5764356e-01
   9.5478987e-01
   9.5130187e-01
   9.6807324e-01
   9.5239374e-01
   9.3954226e-01
   9.3530373e-01
   9.5200911e-01
   9.5263804e-01
   9.6158059e-01
   9.5457288e-01
   9.4796155e-01
   9.2424288e-01
   9.6753127e-01
   9.2617035e-01
   9.5397915e-01
   9.6923205e-01
   9.2873864e-01
   9.5624511e-01
   9.3704957e-01
   9.3361887e-01
   9.5611786e-01
   9.5178035e-01
   9.5318120e-01
   9.0930840e-01
   9.6335163e-01
   9.7500332e-01
   9.6745936e-01
   9.6285159e-01
   9.7146377e-01
   9.2216954e-01
   9.6058833e-01
   9.8438557e-01
   9.4490874e-01
   9.7741244e-01
   9.5871350e-01
   9.5846819e-01
   9.7925423e-01
   9.7561546e-01
   9.7560453e-01
   9.4761194e-01
   9.6909842e-01
   9.6696779e-01
   9.3145686e-01
   9.6289395e-01
   9.6714339e-01
   9.5608931e-01
   9.4718428e-01
   9.3837919e-01
   9.4074764e-01
   9.3532703e-01
   9.3685739e-01
   9.6730094e-01
   9.5367230e-01
   9.5707451e-01
   9.5041711e-01
   9.4687097e-01
   9.5748287e-01
   9.3158467e-01
   9.4566547e-01
   9.5212376e-01
   9.6397033e-01
   9.7557871e-01
   9.7397794e-01
   9.7119215e-01
   9.6032645e-01
   9.6326041e-01
   9.6442651e-01
   9.5600715e-01
   9.3398843e-01
   9.6962825e-01
   9.6820144e-01
   9.5912629e-01
   9.7802893e-01
   9.6902484e-01
   9.6279892e-01
   9.5119309e-01
   9.6715822e-01
   9.4226090e-01
   9.6328621e-01
   9.6506635e-01
   9.5675515e-01
   9.5725032e-01
   9.7779964e-01
   9.4046955e-01
   9.7956733e-01
   9.6793648e-01
   9.4340336e-01
   9.7505058e-01
   9.7058749e-01
   9.2366355e-01
   9.8947090e-01
   9.6099648e-01
   9.5426105e-01
   9.2759642e-01
   9.8687123e-01
   9.6389474e-01
   9.5960380e-01
   9.7725071e-01
   9.6208220e-01
   9.9094442e-01
   9.6954316e-01
   9.3404737e-01
   9.6597480e-01
   9.5524065e-01
   9.5839801e-01
   9.6334047e-01
   9.8298160e-01
   9.8308622e-01
   9.7626462e-01
   9.7036929e-01
   9.8168966e-01
   9.5485152e-01
   9.7788835e-01
   9.8101395e-01
   9.6812131e-01
   9.7822481e-01
   9.4511295e-01
   9.6749313e-01
   9.6476084e-01
   9.8633604e-01
   9.6218832e-01
   9.7059513e-01
   9.5612046e-01
   9.7558416e-01
   9.7424906e-01
   9.5507361e-01
   9.1378494e-01
   9.2985272e-01
   9.6829855e-01
   9.6851657e-01
   9.2419101e-01
   9.7341591e-01
   9.6118074e-01
   9.7606989e-01
   9.6959763e-01
   9.7377640e-01
   9.2295780e-01
   9.7298217e-01
   9.8370770e-01
   9.5759676e-01
   9.7651968e-01
   8.8641520e-01
   9.5401399e-01
   9.5746397e-01
   9.7374369e-01
   9.7376076e-01
   9.7472531e-01
   8.8370050e-01
   9.6830205e-01
   9.7920840e-01
   8.7869303e-01
   9.4689343e-01
   9.7478332e-01
   9.5471339e-01
   9.8712499e-01
   9.0150598e-01
   9.6677932e-01
   9.6087924e-01
   9.4917615e-01
   9.6607761e-01
   9.7948675e-01
   9.2458648e-01
   9.5875441e-01
   9.6057942e-01
   9.6867156e-01
   9.7732108e-01
   9.7044887e-01
   9.9091670e-01
   9.8659643e-01
   9.7214754e-01
   9.7395245e-01
   9.8358688e-01
   9.4581565e-01
   9.7932880e-01
   9.4783233e-01
   9.6323897e-01
   9.4327520e-01
   9.6509521e-01
   9.9213778e-01
   9.7768191e-01
   9.7660851e-01
   9.6475347e-01
   9.8694327e-01
   9.4859569e-01
   9.6275362e-01
   9.8240119e-01
   9.7248210e-01
   9.8609977e-01
   9.2329411e-01
   9.8274042e-01
   9.4785217e-01
   9.7253933e-01
   9.5267798e-01
   9.2687522e-01
   9.5437527e-01
   9.8949988e-01
   9.8112768e-01
   9.6362658e-01
   9.5972271e-01
   9.5066926e-01
   9.1758123e-01
   9.8471254e-01
   9.7964972e-01
   9.7766973e-01
   9.8366872e-01
   9.8794441e-01
   9.8320865e-01
   9.6323520e-01
   9.6797052e-01
   9.8038703e-01
   9.5654140e-01
   9.5615598e-01
   9.7690684e-01
   9.6618794e-01
   9.4864010e-01
   9.7654231e-01
   9.7710060e-01
   9.7883782e-01
   9.4262485e-01
   9.8924697e-01
   9.4913606e-01
   9.7240056e-01
   9.7184452e-01
   9.7785537e-01
   9.6763744e-01
   9.6941346e-01
   9.7315778e-01
   9.4482829e-01
   9.7243906e-01
   9.8668326e-01
   9.7615626e-01
   9.6883471e-01
   9.7554383e-01
   9.7985297e-01
   9.8500629e-01
   9.1642242e-01
   9.9746784e-01
   9.6901346e-01
   9.2412164e-01
   9.9082625e-01
   9.8815318e-01
   9.8461964e-01
   9.9656657e-01
   9.8893628e-01
   9.8948597e-01
   9.8947157e-01
   9.4328095e-01
   9.9315704e-01
   9.7107349e-01
   9.7319706e-01
   9.8409972e-01
   9.8420917e-01
   9.8702872e-01
   9.7719293e-01
   9.7862372e-01
   9.7970512e-01
   9.6718160e-01
   9.6761397e-01
   9.8951100e-01
   9.5233378e-01
   9.6410169e-01
   9.7581128e-01
   9.8161474e-01
   9.9496734e-01
   9.8850149e-01
   9.7294575e-01
   9.9941261e-01
   9.8015677e-01
   9.8267919e-01
   9.6495934e-01
   9.9257851e-01
   9.7543217e-01
   9.7946178e-01
   9.8761567e-01
   9.8748444e-01
   9.7347963e-01
   9.8670966e-01
   9.8811522e-01
   9.7391235e-01
   9.8648783e-01
   9.9425122e-01
   9.5222029e-01
   9.6333825e-01
   9.9313027e-01
   9.9154898e-01
   9.9214386e-01
   9.9061170e-01
   9.9175259e-01
   9.6580607e-01
   9.8119953e-01
   9.9161761e-01
   9.5893235e-01
   9.7950474e-01
   9.6457617e-01
   9.8478684e-01
   9.8585404e-01
   9.8305465e-01
   9.6727964e-01
   9.8902941e-01
   9.6385539e-01
   9.6901183e-01
   9.8129637e-01
   9.6835841e-01
   9.6784489e-01
   9.6519179e-01
   9.7127316e-01
   9.9033608e-01
   9.9646714e-01
   9.9407585e-01
   9.8992703e-01
   9.8305249e-01
   9.8628257e-01
   9.8298257e-01
   9.8565795e-01
   9.9324977e-01
   9.7625121e-01
   9.8296883e-01
   9.8337719e-01
   9.7320632e-01
   9.8538905e-01
   9.4715816e-01
   9.3738699e-01
   9.6534799e-01
   9.9119499e-01
   9.8702265e-01
   9.8905092e-01
   9.7513222e-01
   9.8662571e-01
   9.7528587e-01
   9.8970043e-01
   9.6243388e-01
   9.7798379e-01
   9.9634407e-01
   9.8595532e-01
   9.4742944e-01
   9.8344068e-01
   9.8555615e-01
   9.0456023e-01
   9.8733651e-01
   9.8184980e-01
   9.7440614e-01
   9.6804767e-01
   9.9135785e-01
   9.9325433e-01
   8.9721706e-01
   9.7538076e-01
   9.6748507e-01
   9.7599372e-01
   9.7723462e-01
   9.5547145e-01
   9.9352127e-01
   9.7380176e-01
   9.8771363e-01
   9.8510734e-01
   9.7647266e-01
   9.9453520e-01
   9.7409530e-01
   9.8758638e-01
   9.5788048e-01
   9.8374327e-01
   9.4612190e-01
   9.9033037e-01
   9.8945448e-01
   9.5561330e-01
   9.8290642e-01
   9.7089452e-01
   9.9311072e-01
   9.9464903e-01
   9.8805110e-01
   9.8319374e-01
   9.8340545e-01
   9.9223382e-01
   9.7794716e-01
   9.9034415e-01
   9.8130779e-01
   9.7167801e-01
   9.9475315e-01
   9.9865035e-01
   9.7241693e-01
   9.8998129e-01
   9.9909660e-01
   9.7255255e-01
   9.9159141e-01
   9.8970213e-01
   9.7030444e-01
   9.9563548e-01
   9.9697697e-01
   9.8415127e-01
   9.8287715e-01
   9.9308818e-01
   9.5519298e-01
   9.9246836e-01
   9.7217535e-01
   9.8971863e-01
   9.7299314e-01
   9.9709929e-01
   9.9282603e-01
   9.9220049e-01
   9.6355585e-01
   9.8384695e-01
   9.5485649e-01
   9.5091964e-01
   9.7781327e-01
   9.8358479e-01
   9.8440423e-01
   9.9451348e-01
   9.9948239e-01
   9.8036416e-01
   8.9507356e-01
   9.7235107e-01
   9.9150518e-01
   9.7967515e-01
   9.9104327e-01
   9.8349853e-01
   9.9077487e-01
   9.8961533e-01
   9.5150888e-01
   9.9174009e-01
   9.8713741e-01
   9.8768997e-01
   9.8864113e-01
   9.8526414e-01
   9.7966602e-01
   9.9288604e-01
   9.8362179e-01
   9.7861449e-01
   9.6885770e-01
   9.7495698e-01
   9.9852573e-01
   9.9076426e-01
   9.9240735e-01
   9.8234939e-01
   9.5230161e-01
   9.9536104e-01
   9.9506395e-01
   9.6258016e-01
   9.9506495e-01
   9.8985307e-01
   9.8667342e-01
   9.7135620e-01
   9.8072148e-01
   9.9393153e-01
   9.7857091e-01
   9.8523257e-01
   9.5618436e-01
   9.8077548e-01
   9.8347978e-01
   9.8134333e-01
   9.9238080e-01
   9.9195982e-01
   9.8121755e-01
   9.8380794e-01
   9.8358544e-01
   9.8994473e-01
   9.8530234e-01
   9.9613569e-01
   9.9182921e-01
   9.7287622e-01
   9.8962183e-01
   9.9118476e-01
   9.7294295e-01
   9.7823674e-01
   9.7975897e-01
   9.9195718e-01
   9.9283554e-01
   9.9039878e-01
   9.6828043e-01
   9.7879517e-01
   9.8793061e-01
   9.9656015e-01
   9.9784135e-01
   9.7945873e-01
   9.8705783e-01
   9.9131024e-01
   9.9603455e-01
   9.8296585e-01
   9.8713009e-01
   9.9173348e-01
   9.6814396e-01
   9.8721484e-01
   9.8434813e-01
   9.6583098e-01
   9.9826737e-01
   9.8736844e-01
   9.6747293e-01
   9.6890852e-01
   9.9550794e-01
   9.9653890e-01
   9.9471163e-01
   9.8245852e-01
   9.6916821e-01
   9.8326613e-01
   9.8605700e-01
   9.9657680e-01
   9.9328073e-01
   9.6435371e-01
   9.7738022e-01
   9.9254223e-01
   9.2565424e-01
   9.4169839e-01
   9.8560692e-01
   9.8447525e-01
   9.8801492e-01
   9.8353358e-01
   9.9556557e-01
   9.9570484e-01
   9.8671934e-01
   9.9859737e-01
   9.8893284e-01
   9.9609813e-01
   9.9244176e-01
   9.8773243e-01
   9.9109377e-01
   8.6821102e-01
   9.7597207e-01
   9.8555680e-01
   9.8848697e-01
   9.9754370e-01
   9.8767892e-01
   9.9699517e-01
   9.9665806e-01
   9.9252146e-01
   9.5548591e-01
   9.7754474e-01
   9.4657090e-01
   9.5897400e-01
   9.7845873e-01
   9.9211573e-01
   9.9609587e-01
   9.8433572e-01
   9.8123072e-01
   9.7677912e-01
   9.9347282e-01
   9.9447331e-01
   9.8854111e-01
   9.9037173e-01
   9.9326396e-01
   9.8526551e-01
   9.6947068e-01
   9.8727654e-01
   9.8110574e-01
   9.8551759e-01
   9.9171390e-01
   9.7870398e-01
   9.9539829e-01
   9.9183223e-01
   9.6039877e-01
   9.6190791e-01
   9.8731051e-01
   9.9788768e-01
   9.8976076e-01
   9.8631325e-01
   9.8809163e-01
   9.9211849e-01
   9.8591619e-01
   9.7927122e-01
   9.9418633e-01
   9.8599333e-01
   9.9393545e-01
   9.9149298e-01
   9.9571375e-01
   9.9906850e-01
   9.7008767e-01
   9.8444061e-01
   9.9620511e-01
   9.9095372e-01
   9.9448375e-01
   9.8844762e-01
   9.8923812e-01
   9.5737145e-01
   9.8699248e-01
   9.8963399e-01
   9.6614003e-01
   9.8108827e-01
   9.9466103e-01
   9.8048835e-01
   9.8881535e-01
   9.9222918e-01
   9.7932139e-01
   9.9199565e-01
   9.9384121e-01
   9.9890496e-01
   9.9735142e-01
   9.6754961e-01
   9.9850089e-01
   9.8021037e-01
   9.8327452e-01
   9.8358304e-01
   9.8367037e-01
   9.6759045e-01
   9.9683878e-01
   9.7782272e-01
   9.9282596e-01
   9.9770006e-01
   9.8157112e-01
   9.7827292e-01
   9.9862181e-01
   9.9936180e-01
   9.9517221e-01
   9.7903083e-01
   9.9324636e-01
   9.6504011e-01
   9.2958665e-01
   9.8579935e-01
   9.9364797e-01
   9.7994297e-01
   9.4717586e-01
   9.6233602e-01
   9.8038571e-01
   9.6558862e-01
   9.9613750e-01
   9.7369879e-01
   9.9623772e-01
   9.6508108e-01
   9.7156949e-01
   9.9786935e-01
   9.7296233e-01
   9.7690851e-01
   9.9897194e-01
   9.5372000e-01
   9.8691341e-01
   9.9041808e-01
   9.8772818e-01
   9.7614470e-01
   9.7913579e-01
   9.9242916e-01
   9.7459509e-01
   9.9656386e-01
   9.4761054e-01
   9.5174611e-01
   9.8369108e-01
   9.9183734e-01
   9.9151687e-01
   9.6942878e-01
   9.8683205e-01
   9.7626957e-01
   9.9611366e-01
   9.5624220e-01
   9.9047813e-01
   9.7715230e-01
   9.9757412e-01
   9.9760269e-01
   9.8563831e-01
   9.8762442e-01
   9.9204055e-01
   9.7999458e-01
   9.9129140e-01
   9.8613683e-01
   9.8839664e-01
   9.8378316e-01
   9.8341196e-01
   9.7693173e-01
   9.9430480e-01
   9.9754871e-01
   9.8685951e-01
   9.9464321e-01
   9.8501305e-01
   9.9583809e-01
   9.7935841e-01
   9.7935919e-01
   9.5815764e-01
   9.7624300e-01
   9.9475275e-01
   9.9602825e-01
   9.9871902e-01
   9.9503295e-01
   9.7999060e-01
   9.2361749e-01
   9.8658396e-01
   9.8092745e-01
   9.6392531e-01
   9.9722306e-01
   9.7363685e-01
   9.6633412e-01
   9.8782715e-01
   9.8868119e-01
   9.8533614e-01
   9.6639627e-01
   9.8489690e-01
   9.7903007e-01
   9.8969334e-01
   9.7942294e-01
   9.9174268e-01
   9.9103858e-01
   9.9472619e-01
   9.9825456e-01
   9.8061049e-01
   9.9010460e-01
   9.8256607e-01
   9.7464523e-01
   9.9339850e-01
   9.7904441e-01
   9.9517990e-01
   9.7342936e-01
   9.9821456e-01
   9.9527186e-01
   9.8590606e-01
   9.9031756e-01
   9.6507317e-01
   9.5673365e-01
   9.8285775e-01
   9.8575428e-01
   9.6380298e-01
   9.8465293e-01
   9.9204565e-01
   9.7207738e-01
   9.7209038e-01
   9.3741938e-01
   9.9657666e-01
   9.3495210e-01
   9.8278163e-01
   9.8101046e-01
   9.9524348e-01
   9.8527600e-01
   9.6099144e-01
   9.8957027e-01
   9.7937989e-01
   9.8960849e-01
   9.3734456e-01
   9.8573913e-01
   9.9246115e-01
   9.3056044e-01
   9.6423574e-01
   9.4886392e-01
   9.9032327e-01
   9.9399109e-01
   9.9443727e-01
   9.8411147e-01
   9.7844114e-01
   9.9533103e-01
   9.9134328e-01
   9.8166058e-01
   9.6968472e-01
   9.8729899e-01
   9.1320771e-01
   9.3504909e-01
   9.8510908e-01
   9.0638342e-01
   8.7458979e-01
